256 1024
0	2
0	3
0	4
0	14
0	16
0	17
0	22
0	25
0	30
0	32
0	34
0	37
0	40
0	46
0	48
0	49
0	72
0	75
0	93
0	99
0	108
0	128
0	148
0	160
0	163
0	182
0	195
0	228
0	230
1	2
1	3
1	4
1	10
1	19
1	20
1	49
1	56
1	64
1	75
1	80
1	88
1	114
1	116
1	130
1	160
1	170
1	175
1	176
1	193
1	203
1	216
2	0
2	1
2	4
2	6
2	18
2	38
2	45
2	57
2	65
2	66
2	67
2	88
2	129
2	131
2	134
2	140
2	176
2	195
2	214
3	24
3	30
3	36
3	52
3	70
3	121
3	128
3	140
3	160
3	170
4	0
4	5
4	12
4	21
4	32
4	36
4	49
4	52
4	67
4	72
4	86
4	88
4	108
4	128
4	130
4	137
4	144
4	146
4	160
4	174
4	184
4	195
4	196
4	202
4	210
4	228
4	232
5	8
5	16
5	22
5	37
5	42
5	96
5	147
5	153
5	228
5	229
6	1
6	2
6	3
6	12
6	40
6	43
6	47
6	66
6	71
6	72
6	96
6	98
6	105
6	112
6	171
6	172
6	185
7	64
7	78
7	86
7	139
7	148
8	1
8	3
8	14
8	16
8	21
8	37
8	40
8	47
8	48
8	55
8	57
8	61
8	80
8	86
8	97
8	128
8	133
8	138
8	141
8	145
8	164
8	166
9	2
9	7
9	8
9	65
9	93
9	98
9	113
9	136
9	189
9	200
10	0
10	4
10	9
10	17
10	21
10	32
10	40
10	98
10	138
10	152
10	200
10	226
10	250
11	4
11	6
11	44
11	51
11	71
11	156
12	2
12	3
12	11
12	34
12	42
12	48
12	129
12	132
12	186
13	0
13	2
13	3
13	16
13	147
14	5
14	13
14	15
14	16
14	26
14	48
14	64
14	68
14	163
14	192
15	8
16	0
16	12
16	22
16	26
16	48
16	50
16	66
16	72
16	87
16	128
16	130
16	136
16	147
16	168
16	194
17	41
17	48
17	64
17	100
17	130
17	137
17	164
17	168
18	0
18	10
18	33
18	34
18	70
18	137
18	144
18	145
18	150
18	198
19	0
19	4
19	129
19	188
19	197
20	19
20	33
20	48
20	50
20	80
20	89
21	10
21	18
21	24
21	152
21	232
21	244
22	1
22	5
23	3
24	8
24	12
24	14
24	19
24	43
24	96
24	142
24	152
24	161
24	180
25	0
25	5
25	44
25	55
25	66
25	168
26	30
26	67
26	163
26	196
26	229
27	88
27	160
27	255
28	9
28	37
28	44
28	66
28	79
28	129
28	231
28	252
29	35
29	107
29	208
29	210
30	16
30	22
30	52
30	66
30	113
30	226
32	4
32	21
32	58
32	64
32	65
32	96
32	128
32	143
32	173
32	177
32	186
32	212
33	0
33	15
33	17
33	64
33	75
33	76
33	86
33	114
33	132
33	144
33	160
33	161
33	240
33	241
34	0
34	2
34	8
34	48
34	91
34	131
34	154
34	161
34	175
34	177
34	182
34	196
34	210
34	240
35	1
35	138
35	140
35	169
35	176
35	189
35	214
36	21
36	64
36	65
36	67
36	72
36	76
36	96
36	153
36	164
36	218
37	84
37	132
38	5
38	34
38	52
38	104
38	192
38	209
39	0
39	10
39	49
40	21
40	24
40	72
40	80
40	136
40	211
41	9
41	17
41	34
41	108
41	116
41	218
42	1
42	32
42	40
42	64
42	106
42	192
43	7
44	32
44	35
44	42
44	128
44	137
44	192
45	96
46	5
46	160
47	109
47	192
48	0
48	16
48	32
48	56
48	131
48	226
49	2
49	9
49	18
49	69
50	8
50	16
50	52
50	78
50	81
50	164
50	233
51	166
51	176
52	0
52	1
52	9
52	17
52	46
52	85
52	135
53	49
55	37
55	140
55	171
56	40
56	77
56	98
56	101
56	207
57	226
58	0
58	196
60	80
61	135
62	19
63	49
64	4
64	8
64	9
64	16
64	26
64	40
64	61
64	65
64	83
64	96
64	142
64	144
64	179
64	225
65	1
65	3
65	16
65	17
65	32
65	37
65	40
65	72
65	141
66	2
66	4
66	92
66	108
66	130
66	144
67	43
67	136
67	148
68	1
68	5
68	12
68	16
68	17
68	46
68	70
68	71
68	96
68	99
68	193
69	30
69	44
69	193
69	199
70	14
70	42
70	45
70	131
70	200
71	4
71	8
71	81
71	82
71	185
72	0
72	2
72	4
72	8
72	16
72	48
72	108
72	201
72	216
72	234
73	112
74	21
74	32
74	36
74	81
75	48
75	54
75	81
76	0
76	12
76	35
76	69
76	94
76	132
78	0
78	10
78	20
78	130
78	138
79	12
79	50
79	52
80	3
80	8
80	49
80	64
80	87
80	88
80	112
80	118
80	148
80	156
80	162
80	178
80	200
81	0
81	16
81	17
81	33
81	57
81	83
81	135
81	174
81	199
82	18
82	66
82	91
82	148
82	170
83	16
84	0
84	29
84	35
84	48
84	79
84	85
84	206
85	93
86	25
86	64
87	4
88	12
88	32
88	34
88	64
88	120
88	132
88	136
88	161
88	225
89	17
89	37
89	42
89	84
89	139
90	19
90	160
91	20
91	226
91	228
92	3
92	150
92	204
94	84
94	114
94	136
95	2
96	0
96	34
96	36
96	65
96	192
97	11
97	16
97	36
97	72
97	92
97	128
97	196
97	253
98	1
98	100
98	176
99	0
99	12
99	26
99	100
100	2
100	72
100	128
100	196
101	74
101	144
101	156
102	2
103	68
104	2
104	5
104	9
104	24
104	40
104	48
104	49
104	68
104	98
104	132
104	152
105	1
105	2
105	24
105	34
105	156
106	16
106	140
106	156
107	0
107	5
107	71
107	177
108	9
108	64
108	130
108	154
111	8
112	0
112	2
112	20
112	32
112	67
112	68
112	84
112	100
113	117
114	6
114	17
114	70
114	128
114	133
115	0
115	8
115	51
115	136
116	42
116	85
116	155
117	177
118	92
120	68
120	88
120	163
121	64
121	144
122	65
124	12
124	76
125	64
126	16
128	0
128	1
128	2
128	4
128	7
128	8
128	12
128	15
128	19
128	32
128	35
128	41
128	43
128	51
128	65
128	66
128	67
128	89
128	102
128	107
128	130
128	134
128	167
129	4
129	6
129	11
129	57
129	64
129	66
129	81
129	250
130	33
130	36
130	38
130	40
130	80
130	90
130	132
130	184
130	232
130	244
131	8
132	33
132	47
132	68
132	133
132	136
132	151
132	165
132	166
132	181
132	200
133	1
133	5
133	24
133	48
133	64
133	81
133	178
134	47
134	80
134	116
134	196
134	208
135	16
135	64
135	93
135	139
135	231
136	8
136	12
136	68
136	90
136	145
136	169
136	204
136	216
137	14
137	56
137	96
137	132
137	140
137	154
138	1
138	45
138	68
138	128
138	129
139	0
139	3
139	33
139	56
139	128
139	144
140	160
141	72
141	242
142	0
142	1
142	12
142	131
144	2
144	26
144	29
144	37
144	77
144	83
144	133
144	138
144	160
144	171
144	192
144	210
145	28
145	36
146	1
146	8
146	41
146	67
147	119
147	153
148	12
148	33
148	92
148	133
148	176
148	181
148	192
149	22
149	200
150	40
150	144
150	200
151	176
152	1
152	48
152	112
152	160
153	8
154	4
154	32
156	0
156	34
156	160
157	76
158	241
159	10
160	19
160	32
160	40
160	66
160	73
160	76
160	129
160	172
160	184
160	194
160	209
160	253
161	4
161	80
161	172
161	208
162	0
162	160
162	192
162	204
163	208
163	222
164	32
164	104
164	131
164	149
164	198
165	0
165	240
166	4
166	16
166	31
166	53
166	132
168	1
168	8
168	47
168	128
168	134
168	162
169	7
169	32
170	16
170	64
170	138
172	9
172	131
173	32
173	155
174	52
174	177
176	5
177	12
178	0
178	18
178	35
178	149
179	1
180	32
180	230
182	52
182	128
182	192
184	9
184	109
186	4
186	11
186	106
188	20
188	36
188	53
188	230
189	168
190	72
192	0
192	22
192	33
192	34
192	67
192	71
192	74
192	84
192	99
192	114
192	128
192	142
192	152
192	178
193	1
193	6
193	21
193	32
193	116
193	160
193	227
194	0
194	1
194	32
194	50
194	73
194	136
195	152
195	232
196	24
196	58
196	68
196	92
196	188
197	129
198	0
198	104
199	64
199	176
200	72
200	82
200	130
200	160
200	232
200	241
201	16
202	0
202	69
202	92
202	148
203	1
204	37
204	164
205	32
205	52
206	50
206	199
207	24
208	32
208	112
208	130
210	7
210	147
211	36
212	16
212	28
212	33
212	136
212	152
212	193
212	211
213	18
213	24
214	18
214	44
216	24
216	55
216	85
216	136
218	1
219	36
221	139
224	20
224	66
224	164
224	194
225	24
226	67
227	46
229	3
229	164
230	200
232	30
232	51
232	89
233	18
234	26
234	144
234	146
240	136
240	229
241	192
245	0
247	32
248	11
248	58
248	64
248	128
252	9
