sequenceInt
3079
3591
16430
13095
7828
609
13654
10299
3254
1283
15699
3301
1092
1748
6610
2235
3880
17135
6645
18828
1488
7032
9318
9215
16550
4512
17123
15767
11681
13683
11435
27
5725
4751
7880
1667
6274
16081
2274
8583
1894
8677
2303
15546
11736
9551
11457
7443
10085
11313
16934
8339
16839
11371
8907
19049
3565
10140
6148
16659
8185
2170
18736
1025
18644
12316
8973
5740
6574
8309
1206
15646
18643
17758
9535
1329
19783
7223
13927
508
6266
19772
18825
6831
7594
16226
14637
4025
9843
16242
12950
5819
19051
4959
7574
12551
15665
1764
13609
10231
17799
7171
7940
5630
4417
7016
6088
8342
16244
552
9300
2359
17169
19595
12815
10648
6466
8586
16104
2913
6523
1238
19473
11774
13878
7949
10026
2805
17850
20189
5243
16145
19472
15674
4248
884
8231
18607
14053
10544
5719
9672
1045
17825
15596
17982
4641
18484
17005
17619
1189
18188
19408
9591
15426
10255
5045
17492
644
9484
3716
9510
9490
9925
14248
19798
4268
14012
2217
10807
2347
15913
16005
11301
6417
2515
14530
13237
13673
12308
7562
12221
2279
14694
366
19397
16539
8082
13997
17026
9332
5129
7064
19741
7747
15376
1241
13838
8730
16281
9718
6241
14995
13653
10362
3399
13365
4594
6383
15598
18738
15334
11552
12171
15551
4711
4866
5859
17834
14399
10105
3653
14329
16689
4312
18008
13676
20243
13315
17844
5518
6796
7825
16268
10831
11199
5663
3811
20063
15869
8678
13851
1597
621
7617
15999
6936
3193
8010
11670
15485
15321
10159
19985
6665
8200
7972
20216
6465
11822
7145
18308
5665
12509
8724
11180
13153
1264
3472
6343
7663
15922
641
17218
9067
6328
1175
14374
5768
10692
13457
14560
212
16090
1217
17009
13771
13082
19543
10897
1547
9219
1625
18235
9079
19239
4237
19531
950
8918
5364
8748
3891
4231
8256
3285
7731
13972
11677
2850
9074
16609
8154
12556
5316
8221
3968
4925
15114
2104
1664
7651
13620
16553
17835
19750
6219
4630
910
17554
11391
1535
15603
14595
372
1645
12691
19047
12697
15628
14294
6516
3378
8261
9296
6319
3999
2445
12131
13589
15226
16834
9969
3164
20151
7598
2811
18234
14509
5756
10891
15353
11163
570
3455
11411
3487
14525
2229
1798
19347
8924
2644
5200
386
75
10510
17856
10331
16087
16973
556
5646
12981
4309
20040
7936
5979
3043
19862
3121
14674
2927
13094
14099
19802
4747
5887
354
2636
2578
8744
4119
18364
12600
8088
8750
18591
3755
6888
6568
10640
7529
1257
11415
10202
14880
9063
8290
19369
7865
3572
15244
12851
4054
10827
8881
17159
3603
3031
3142
1393
15745
12175
5567
3599
17472
8077
13104
1420
4273
17447
3691
17119
18741
19635
14220
7199
15515
2487
16020
7295
16862
8687
11939
1127
4416
2896
19754
7726
12400
14844
17371
8522
3237
13733
14090
13511
10645
16184
13173
7500
10580
6149
20210
14208
8239
11389
163
11644
12023
19924
6044
3530
12908
17145
3307
4941
8021
7157
10777
7979
11931
2514
12872
3545
9425
6042
2110
3588
12751
17775
7515
7049
847
7002
14127
5975
12903
6490
1628
16694
15936
5094
6677
16790
15182
3410
11119
17888
20384
8020
19844
16137
14685
10698
1607
2995
8069
10155
20028
7246
4042
1842
18393
10739
13167
10209
9562
19716
18164
16486
13499
15870
12524
2382
19898
17502
18332
6191
17463
302
2209
7421
856
20154
12938
730
14477
18224
2368
18267
14856
15977
5089
19807
5072
10670
5565
17298
7932
1397
14405
14444
13937
872
13657
10997
2402
13692
7920
1171
498
17914
16364
9092
18882
5607
3753
13664
13651
15798
4570
9494
18758
7359
1355
20280
17660
4000
19542
6653
1483
17066
3604
7099
11247
5709
14044
20213
13425
16826
19942
8805
18276
17549
2054
6246
18843
597
2858
5602
11898
16606
14286
17369
10716
19551
12336
19970
19216
5741
6428
8469
7900
14490
10273
7193
5456
16764
4185
4437
13463
18399
14587
15682
6795
7100
7682
903
16961
15843
16411
17947
14745
782
6100
17188
20102
7929
5311
4019
1785
1404
12040
9536
9959
5961
17023
6395
18848
13592
3086
18223
19636
3188
11913
14235
20344
4638
4397
14473
10650
9841
7440
4578
6231
15385
18075
1135
17594
809
1862
3561
11805
10257
14182
19671
13313
4582
2070
2620
5808
14602
11154
18283
6723
5508
2248
11221
4977
7024
20252
4337
13766
19830
16737
418
16255
16126
15871
1707
14003
4544
13919
10277
2385
14271
3707
3851
2033
17175
7254
2999
14646
5566
3115
18156
187
1731
19207
11222
18634
3332
6907
7338
14837
2959
4735
18685
18714
11541
15853
11514
3978
15105
7701
19946
1549
9086
12427
2954
12498
2976
555
14281
7556
3075
2854
5868
6302
14194
2361
2047
12715
20371
1808
17322
6127
2028
19046
14185
19801
507
5161
16586
17791
18879
16787
412
1112
8632
20181
15306
9544
937
8663
1480
19036
3634
4531
18205
4521
12914
7823
16989
18352
18426
11111
13874
7033
9441
8318
12118
19825
7604
12847
19196
9132
19494
10881
3524
2588
19776
8056
19112
19058
6620
14244
10023
8336
4378
11906
1586
9456
15992
15838
8427
5420
5729
2460
4264
4670
19105
13915
11440
10975
514
13238
4618
11718
14925
654
6712
15389
13750
14526
10549
9499
19525
1566
18950
843
11889
17154
9776
1244
16519
3157
5075
4435
2463
649
18582
2421
15239
14772
17590
678
3814
7074
9745
16711
3109
7694
15200
8850
5981
12913
5432
14304
16908
18628
17097
10932
20030
3052
723
4629
14266
17349
1026
19705
5672
4526
4074
3517
19514
10756
4597
12340
12205
15100
9365
14597
10024
1415
4953
13444
2848
14764
16767
17988
16455
16178
1292
14328
7756
6996
3024
4461
18602
18180
8327
18840
129
11150
12512
50
13350
13508
13304
19763
11086
14926
5572
6347
944
19365
11001
11714
19043
4799
10406
8520
4195
10767
19722
1678
19334
8967
4382
8673
18914
14224
1806
14819
8440
13100
19264
3767
7912
17962
15086
17015
4712
12025
1515
11419
8951
15499
15264
17140
2092
1471
9352
11737
12964
20366
19111
9919
15427
17820
16891
9124
6751
7428
10414
6095
11887
20048
8763
17623
11145
18846
13541
17760
16842
17822
12273
15121
10230
1034
14855
14123
19835
12992
2307
4328
12816
10121
9298
10685
9785
12185
11480
17348
5668
3000
5616
12099
5924
15452
11169
10569
19206
2010
8040
15081
10369
16388
12353
12707
1522
13297
18469
18351
828
12807
14695
12940
14263
2373
8497
11274
3590
10979
10696
3206
2627
7165
13599
16112
13722
2835
12082
4813
11331
11567
10495
17316
6131
2137
3128
15768
16728
4488
2082
6340
13868
15715
12106
6783
7237
1381
8012
11951
17970
3117
6355
7720
19073
5383
17942
3018
9270
97
16784
6385
16133
5297
4794
1067
7323
13497
4744
5186
14710
7885
17032
14599
5385
15211
3619
19707
8525
17792
18509
4771
20097
12392
1252
19235
5468
15706
12162
9327
7692
5148
9517
986
2398
7969
12890
764
17138
4731
15736
16031
9937
8389
12664
15893
7435
5952
12097
15174
5674
18411
11556
20316
1421
9680
789
9717
9967
9009
6976
19849
12951
16192
5166
19685
15509
16395
16398
11233
5766
10701
8145
8888
4939
11384
9200
5678
2654
7366
6462
7332
2247
2310
10112
20023
3001
3650
6644
6948
4030
15958
18982
520
6282
20031
16212
6386
4440
1360
12049
5598
11346
18759
5251
4653
2032
9503
5270
9981
14688
10740
15207
4371
3483
5137
17906
12397
13584
4944
8599
17918
2105
17137
12593
18438
11637
18432
9076
19190
9947
15776
20107
361
17887
16656
12379
10483
11288
16515
8210
6261
20377
17802
2509
15102
20361
17212
4167
12412
5023
16621
4419
13414
13110
13168
6793
13525
19662
15115
6848
10248
11100
9683
6256
1882
17459
11031
17734
1387
2058
792
8752
12906
20374
1378
17588
19982
15968
11214
11368
2946
19319
4622
5439
5178
16340
18125
18104
11454
9972
10859
15144
11255
3881
10629
5358
12840
1942
4986
11083
14977
15154
7459
17148
672
18170
2803
4168
598
18777
18669
5233
5378
13025
13853
18010
8263
3204
8298
8956
768
11579
4862
58
12157
10110
2546
11296
11135
3081
11754
2643
14680
9321
15740
5009
16642
20064
14807
11474
14484
18210
5127
6761
15023
2800
3702
9212
4215
11800
5088
13383
3567
16779
18968
2703
16991
13419
1472
10447
13944
20244
9389
14946
14159
1208
18360
6834
1031
9903
8196
6483
3468
5105
492
12305
12225
9075
2073
8913
1947
14172
6951
14412
2087
195
14147
8705
18067
3848
18403
17757
14031
18525
7822
10380
12555
15777
6578
9446
8401
2880
13611
992
5138
4182
6883
3563
11362
1968
15490
8081
2614
16926
17392
6173
3460
15816
5822
19094
14279
5279
5314
7442
5689
13306
14864
5884
15240
8385
13514
14671
10603
5302
2260
18755
5436
13455
5863
5643
13520
8863
14060
446
16693
7509
9031
16793
3061
9521
19439
8530
10567
4952
14434
13963
10435
16229
9472
14798
12302
11067
5461
5252
7993
2766
20298
8640
4932
10356
9901
15641
6931
2847
17571
4897
8004
15164
1761
2152
8576
7139
2410
18729
15408
8312
2526
20096
1616
14559
16069
5415
18241
18688
11487
7430
17659
5540
2337
3113
3694
16861
11720
13220
7257
15632
15355
9954
8141
17938
2424
7485
9299
2615
11496
2553
15771
4453
20156
19150
10699
4785
9814
9376
6369
17611
13182
11335
9460
6459
10592
4707
7458
9060
2345
16151
12170
17415
6781
1733
15106
7384
559
16504
4086
614
3904
12763
16165
511
2742
17848
14002
777
1922
16729
1036
7498
16627
5973
17006
17620
6144
10092
3537
8124
10302
743
215
9875
12071
3104
4802
6517
19956
6279
14662
1784
1354
19135
11863
1149
12804
16542
276
16739
17624
6467
7775
13701
11526
14187
18266
18513
9035
14415
8858
18455
669
10385
1912
7513
863
16190
11431
16312
17599
19599
194
16957
245
16723
1964
18058
8766
13348
9174
16172
15645
5957
15808
18278
17057
2953
12532
620
3824
5060
19915
10114
6522
18481
583
15529
5892
6290
10035
16141
18232
1705
14105
16385
3328
12511
2982
7959
11901
3614
19979
17498
13993
20008
13572
2145
16896
17517
10793
14034
15399
15341
12948
7470
5042
19590
19613
16568
16148
7987
7167
9926
15857
19174
4682
9463
18389
11177
3439
8450
12248
5840
3757
17263
1116
12987
15905
13127
16860
16436
4902
15954
15594
7908
5444
3144
5458
13149
10672
14859
8976
7578
13460
8698
875
4139
4199
4720
18829
294
10101
6388
5737
16044
8609
3725
14050
11414
1812
13274
6494
9291
14971
19524
7419
854
1856
497
12264
6708
15862
12367
8662
18816
20015
5328
16294
15036
2035
11702
14719
4128
1193
17173
7916
3672
41
20302
14633
5295
4772
20190
4339
13477
19420
14131
18486
516
3366
1361
1989
12001
273
10305
603
14431
14389
3342
12941
7293
7365
229
17964
15123
20196
9400
389
17979
4011
4296
13284
19343
18004
253
10450
14314
3898
11626
19631
17078
15057
4750
5760
10392
3066
5515
7712
10006
8906
1209
15873
7131
4822
805
1072
9349
18511
11349
18413
4179
2613
3221
3778
11833
19193
16149
5573
3772
3990
12880
8804
19964
1096
6929
7397
18811
12288
14976
14716
16921
8914
762
8723
19056
10720
5442
14377
6744
3823
2065
18959
9493
18227
16252
16187
14046
17422
6689
14176
17065
9862
19226
7017
19265
6886
18638
128
8643
10489
18268
9126
6468
15930
16285
19478
3865
4413
14341
1444
6862
9078
16741
15342
12272
4212
1747
2226
4044
5335
16274
2904
2552
2501
12362
4421
625
9003
16944
11717
6602
15030
18348
13949
8482
5424
14264
13774
3771
16173
16899
5425
10118
13170
8681
9774
6066
19532
19346
4681
3459
8714
666
2451
14529
11674
4619
14765
9309
3744
7164
753
10346
2118
17591
17420
8701
8351
2921
17896
13809
760
14638
16180
1111
2886
8075
4238
4229
13864
4216
3931
751
10925
465
10503
13916
9526
9286
7270
5343
6626
7814
11876
14119
7382
9577
18199
12113
1115
8031
13145
6337
10957
976
13152
5523
15970
18237
1762
18762
18405
13918
318
2674
16236
15045
16216
17676
7403
19932
14460
17163
7716
7343
13293
19672
5092
19274
3916
9109
19930
14656
4283
10325
10291
3242
4466
2171
7316
8821
18485
16912
18896
3627
6511
17788
11285
10695
5336
16549
5103
2009
9065
18886
20423
8792
10416
9044
4070
11544
1494
13067
3911
10241
2304
4111
18873
3556
18728
9595
17690
9865
17464
4006
6565
5488
931
18546
10045
9675
4286
2003
16671
1197
758
424
5080
9647
16979
2297
1884
4886
13828
11260
11590
14396
4072
4740
5334
17910
10474
270
11236
13177
2744
10709
18772
2756
4092
17076
11436
11573
8291
20294
482
3097
20262
18768
18049
18946
10338
5543
5400
8961
12404
2499
12582
14016
15417
7711
16476
380
12093
3284
11525
5437
7350
19093
684
8523
8090
11450
1688
6411
1376
4564
11730
2288
11173
16679
15329
571
6569
11039
7533
522
5705
9687
13008
962
8138
11653
1180
19407
17004
9276
16360
5752
8098
7040
19813
1505
1054
16129
6049
6556
19025
11298
82
12833
5699
14239
3841
19377
18101
18478
9254
6753
3817
6879
1821
8990
17870
2760
7390
19647
20261
17614
7506
8079
19227
8844
19764
15597
10478
1277
6616
157
8851
665
4687
14778
1192
4358
15317
6770
9848
14193
6012
573
3375
18310
485
13836
9566
19280
5238
13148
17445
10596
13562
14253
14749
19742
10867
7358
10682
14804
12731
10240
20340
9322
165
207
7563
6515
16267
4553
4737
14574
10996
20283
17955
9399
17722
6317
8595
4448
17095
6732
13995
7162
19771
1638
10282
4194
7644
14088
8803
3775
7494
12868
8655
17170
12648
5992
19943
17504
6432
8649
12478
7008
12105
9866
6695
3355
8566
8567
13366
5475
13785
3795
10517
13900
9179
8488
3321
1921
19986
19374
19246
961
17827
2771
11223
19257
15039
15969
359
11105
364
20468
6843
16597
19836
16001
3719
11191
9767
17606
16275
3939
6396
138
13598
4676
13768
6664
2973
12732
6750
14433
2193
17139
20470
7177
11182
3316
17926
18255
15139
19863
18337
7404
15170
7538
16299
8501
10286
14779
1542
1906
9907
20272
11617
2459
8123
13090
20053
5564
1391
16171
12907
5738
19714
8847
3684
9061
11594
292
699
1486
6737
8957
3372
13964
10784
20342
11759
8295
12384
3330
14142
14094
5787
7102
9393
4605
10668
12632
2977
301
16258
6852
13512
3174
19071
15639
5833
12875
7615
3183
3315
11773
16023
12802
11719
2223
14761
14093
11601
912
15392
4568
13557
18092
7168
8160
1561
11283
14104
12834
17617
2866
19037
11782
6633
15046
16325
15395
7408
19868
6997
1078
18955
2159
10056
18096
5542
589
20057
179
8157
14063
1341
15409
6557
19499
11353
19999
12837
19147
12349
7512
11491
4853
14583
13003
13685
16301
2548
3092
14402
650
11895
11437
1351
5772
6409
2329
2011
12360
5068
15604
20394
4154
14678
2914
8883
13939
13778
6550
20299
15730
18871
18868
3020
1914
2738
13805
19218
1908
18333
14461
3126
16604
13619
17356
410
8421
6881
5201
4305
14806
9893
6982
17475
9593
155
3952
2817
13108
9770
3731
16600
19794
12159
4801
19391
10811
6710
1414
1068
16421
979
14118
9564
18362
17201
4975
8811
12091
14624
20389
1514
10300
11604
5131
10991
17477
210
1980
16721
9280
15190
12944
14087
592
18693
1159
19241
18335
4415
13098
12052
12137
17875
1348
7836
5734
12139
5653
5568
20357
16769
9497
11470
19976
9772
20228
6473
3300
1796
15013
19968
8416
12440
4693
15794
15148
19013
10579
16174
16431
1008
5883
5187
11855
10794
11963
19139
11405
8828
4267
11938
10306
18559
11338
3352
6967
8426
14939
2394
995
20290
19909
19914
7926
10290
14605
12022
260
10959
11735
12789
19619
2397
17767
5408
12481
2141
7827
18070
18586
11751
4857
8349
11399
15156
10082
8262
8653
17634
7776
14216
11347
10272
4132
18195
15431
299
17828
17600
7048
14567
3476
12020
2299
10464
7267
15
4577
5171
10748
11509
13119
836
3927
13788
20194
7317
15316
6808
19388
11907
248
13710
18742
4748
7090
322
5903
6201
15117
12776
1788
15331
932
14376
1230
18707
160
14234
2753
5259
8796
12150
2202
12369
1709
4450
7656
20004
10107
6051
18874
1032
3980
3592
1463
3143
957
6057
14345
15528
7431
16733
236
15620
17368
17602
2430
16681
14041
8508
3057
10339
5722
1266
4552
20278
3859
4340
9340
13729
10203
7857
2404
15326
13069
12255
1659
9541
6050
4281
6180
12689
683
10737
10763
4974
9025
14858
2197
8802
19901
4990
10606
17223
10003
36
18177
393
16237
16863
12584
11809
5954
16623
16637
14617
14124
15130
16575
15733
8251
19005
12122
2101
13824
8113
9996
7497
20421
14582
8364
20191
5257
12574
12104
12147
12390
6782
7385
13252
19281
13078
5266
15206
16872
9115
11463
18864
7113
9598
17400
12026
7285
17585
8307
18500
4903
8003
4490
4860
11395
13711
15983
7240
4717
19576
16346
6958
8134
17518
17180
610
13885
11028
14709
10628
10310
19492
8545
14217
16390
2275
12644
12621
9594
16196
20360
15829
6345
15157
1881
16449
7294
7856
991
17949
5236
19256
3154
10844
13895
840
16927
19079
4426
15823
181
15221
5256
17287
9295
16638
15779
716
3082
2566
16867
11943
14966
15479
18627
4842
15644
19952
4921
2364
8287
727
9169
18381
14712
9104
14730
10583
8116
661
3661
16998
1487
17531
20329
20466
19463
126
14344
2646
5805
12700
17685
16840
11228
8713
8788
7866
2660
18916
11359
11215
19990
11380
4591
12835
1109
1662
7051
4073
1435
2041
8299
15704
16177
2500
4429
5387
1058
643
19169
8207
13389
918
545
18496
17818
1756
4840
17234
14517
13848
10576
7504
5483
11892
15447
7108
17351
18934
9539
3646
9344
2206
15010
20042
5793
13183
9301
825
11733
11820
7730
8708
17179
16134
19846
10270
9387
13978
7873
308
11978
20052
3681
16290
6563
246
8018
9404
16342
15364
12773
13717
4023
9632
8510
1453
2342
13586
2464
5751
14513
10998
11687
18663
7197
6567
18344
17639
6599
18621
851
20330
19115
7055
11981
1185
12790
9899
10176
14796
18737
19380
2002
5304
19063
8131
18402
19509
13938
15350
19812
15025
16047
1579
3021
13622
11506
16022
13914
17102
9182
1782
2635
20295
12375
9667
5530
18887
6273
6134
17694
8466
8376
6719
239
1234
8625
8236
3279
14385
19784
2273
13896
4142
14943
5704
15572
8645
13999
12817
8993
2859
18280
17167
9253
2748
13027
11139
3664
4479
20349
1475
8939
13159
4595
14203
11915
2048
13083
5721
9016
323
6471
18155
15799
16791
7413
11867
7274
18143
15028
17099
12165
11109
928
13166
2199
305
3500
14036
12901
10938
19448
3467
10073
6923
13903
10724
7883
6705
12188
7437
11891
20035
16966
7601
15346
14467
4464
5097
14097
5947
14653
2473
14305
11832
3186
14173
6138
5026
12985
4004
13450
7640
10344
18930
1934
20254
3594
6096
8476
13613
4826
10333
2185
16334
3732
10922
4272
7787
13301
5879
9556
14523
13945
137
8977
11367
415
11851
9017
1726
15649
5130
733
20215
4549
7122
20069
16329
11620
13044
13667
10877
5189
10404
2779
1263
13353
3845
15140
13571
8367
3789
4643
4280
9143
15412
441
11571
14338
19781
5902
2626
2539
9091
20233
3166
6360
12061
4037
13865
3679
5202
11815
17465
15785
13275
19091
2441
17430
4381
17724
6846
8087
3701
17377
14919
2117
9928
17231
18077
2379
17405
3957
6623
11334
11512
11441
16459
329
7336
9175
3620
5124
1250
13192
10317
15795
20121
7094
10151
2426
12916
13549
17514
15565
9465
14042
10197
6649
5142
20319
11835
2380
13860
19149
80
5163
8277
9252
16032
19680
13527
10934
20007
9729
17221
2218
9722
13077
8110
12287
17704
1753
16805
1807
1715
16576
9750
409
19527
5526
11992
18710
15832
14932
12114
15208
948
17301
12718
4930
2230
8606
8696
19744
12967
18503
8373
8293
5622
12395
17184
6353
8923
7632
2558
2068
14413
12597
3256
14514
9732
5937
4152
2727
40
13388
18573
4908
18719
13988
9097
18659
16673
7962
12690
20433
6123
12798
17125
9611
10981
14155
6553
2367
9113
11357
12695
2706
6638
8035
272
19755
10791
12186
818
17667
1254
17665
13863
816
11985
1865
3390
18570
14033
7000
18425
2986
11020
19376
20017
3724
10802
18211
8194
310
803
16771
12442
16028
6043
11507
1510
13810
10652
11977
6837
13695
17954
15802
16016
13532
7451
12488
1146
12576
16719
20271
2932
1223
218
13295
19668
95
12673
2324
1810
13490
11742
2393
510
14045
20462
18514
12266
14759
7603
7758
6194
1820
462
10880
3041
315
9311
15145
10374
14553
228
3509
11265
10974
2027
14024
12059
18103
5655
15886
6183
13136
17127
4196
802
4468
18969
12860
1167
8122
19520
8383
14504
8648
14229
14082
20137
4463
17552
1002
18050
16851
10771
3587
5012
3477
10357
19833
17528
286
7948
182
1695
3490
15495
980
3180
9955
9050
9077
15863
5286
19322
4064
17923
17533
9956
10001
15950
8765
7952
8027
12744
905
20021
12135
3568
9377
12703
5363
4222
1191
4136
5692
1937
8826
7388
13735
12658
9930
15348
2283
2086
17177
16420
2770
3821
18030
6109
1392
17114
16408
13904
13452
3601
8363
11370
12783
10778
7801
3190
15609
18475
6823
5465
17515
14416
5152
11974
18313
8572
11868
4422
13752
13034
6584
7571
4470
5781
15176
2698
19953
20345
6223
14240
11950
6303
8702
5445
10494
2486
176
18786
18043
12351
1512
19314
9587
18807
14458
6983
17494
7675
3546
17761
20041
1158
6179
17853
2733
5885
14440
11444
9049
19060
9217
11559
16206
13847
2100
10847
4870
15967
4646
19180
11016
2471
15742
5162
5745
20452
693
9238
15478
19581
7946
1399
4234
6561
15539
5586
16405
5636
17763
15496
89
19651
4228
3189
1795
5291
14261
7634
5273
3499
10901
12634
1120
7798
1739
1147
10909
3096
1477
20076
17681
13709
8514
1375
0
1816
3208
10050
12972
19923
10441
20424
8045
14771
19571
8057
7923
10440
7030
16907
6252
2182
11929
9444
7988
11548
10860
8968
3794
12138
16378
5296
14021
13012
5342
17729
1057
19890
17336
10171
12564
15894
17995
9147
4320
12457
11747
5064
8834
14011
5206
13505
17819
12766
15672
17416
12803
14505
19809
16035
14110
12920
19931
8428
12755
357
17253
19780
16093
16353
1859
16523
6818
17069
12771
4855
1110
769
15301
3597
20425
19261
1174
1933
14902
15282
4883
10795
9227
9188
8009
9775
9791
12963
15945
6739
2812
4743
4713
9457
348
8331
19175
11672
5632
14879
9821
16249
17523
8348
11659
400
13033
20255
1390
606
2244
12765
15067
18703
13802
11179
20113
13318
4186
8205
3363
11268
12864
3463
5352
5571
1768
15526
5499
1647
3905
5013
14964
16024
2651
447
20331
288
13794
13632
14706
4262
10590
10588
8006
16426
17560
12073
1714
17930
18649
11029
17601
4652
16843
1458
10028
4929
17933
17935
11900
13501
12152
1708
5871
15900
17730
10476
19255
13604
5890
8585
20153
881
15952
18657
14672
17077
2752
14493
15746
5154
9151
17714
12969
9835
20472
8916
1211
10298
6652
9314
11084
6499
12253
16317
16479
16127
4161
5407
18124
3878
4759
15956
17002
15177
5007
154
2589
12622
8151
3360
12259
13206
225
19238
1800
18957
6746
16179
8835
19867
6461
16061
13833
13577
4046
9206
16078
8537
20265
9343
5172
67
2166
9690
12562
3022
2210
3456
12698
20062
14258
19225
7965
17612
2352
1287
20240
4485
13158
12319
17423
18172
14836
11251
16985
5070
6679
7278
6188
4224
10621
18635
14801
13072
9373
11710
5775
2845
11508
3818
15538
19251
474
13806
1896
6963
997
12581
15305
3368
18785
3856
13028
10368
4938
11768
2919
5117
10643
3581
16538
1904
2151
19122
14169
11146
14885
15205
10268
9228
1537
10375
5681
20130
13410
13160
13298
20155
13543
7607
19971
10937
4022
8060
15109
5967
4541
10446
285
15734
17181
13361
10421
10444
4900
5239
12479
15054
17241
18076
13116
9364
2861
20199
19870
328
8377
1691
6392
14455
6304
1560
4480
8810
12293
11616
13977
8515
1461
9993
5645
2357
18523
4149
17063
12394
7306
3507
5466
4151
15858
291
17036
11382
10488
8894
14989
15720
15253
6941
835
6463
6454
1701
6946
16043
6215
15214
8618
5971
17754
12383
8089
13854
18960
1006
14227
12683
18334
711
3014
9045
13066
19287
1823
9120
18154
16014
13207
5255
16054
16565
7797
16494
2910
6292
12573
4362
7273
12565
1877
7266
6767
8857
6448
2245
490
17682
8877
3942
14697
14192
6819
17920
6126
19266
11693
14684
282
3395
6090
3333
12624
9537
9612
1455
7588
7161
14788
3985
16894
18893
4671
7874
11198
12797
7998
17648
17408
17022
16640
4935
16536
13417
6942
16318
6155
6520
12008
5877
3176
5477
8997
969
8614
14143
2712
5635
8199
10193
846
4698
19419
17481
2675
10890
15344
15670
10683
7596
1369
9348
14307
3784
107
3258
19711
16063
5861
15690
5770
2801
201
18672
16935
15138
7244
15553
4036
10049
10206
7220
3479
18460
7897
8504
6766
1137
13377
264
4403
2529
