1024 1023
0 1 7
1 2 5
2 3 10
3 4 2
4 5 5
5 6 5
6 7 7
7 8 6
8 9 7
9 10 10
10 11 4
11 12 9
12 13 9
13 14 8
14 15 8
15 16 10
16 17 10
17 18 9
18 19 5
19 20 1
20 21 2
21 22 2
22 23 9
23 24 8
24 25 9
25 26 3
26 27 2
27 28 8
28 29 9
29 30 1
30 31 7
31 32 10
32 33 8
33 34 10
34 35 5
35 36 5
36 37 3
37 38 9
38 39 5
39 40 10
40 41 5
41 42 4
42 43 7
43 44 3
44 45 4
45 46 10
46 47 1
47 48 8
48 49 6
49 50 10
50 51 3
51 52 5
52 53 7
53 54 5
54 55 8
55 56 9
56 57 3
57 58 10
58 59 5
59 60 1
60 61 10
61 62 9
62 63 4
63 64 4
64 65 1
65 66 4
66 67 4
67 68 8
68 69 5
69 70 5
70 71 7
71 72 3
72 73 2
73 74 1
74 75 8
75 76 4
76 77 9
77 78 7
78 79 3
79 80 1
80 81 1
81 82 2
82 83 7
83 84 5
84 85 2
85 86 8
86 87 7
87 88 4
88 89 5
89 90 6
90 91 2
91 92 6
92 93 6
93 94 3
94 95 2
95 96 4
96 97 7
97 98 10
98 99 8
99 100 2
100 101 9
101 102 9
102 103 10
103 104 3
104 105 6
105 106 10
106 107 5
107 108 10
108 109 10
109 110 3
110 111 9
111 112 3
112 113 3
113 114 4
114 115 6
115 116 4
116 117 9
117 118 7
118 119 6
119 120 7
120 121 1
121 122 5
122 123 2
123 124 1
124 125 3
125 126 1
126 127 7
127 128 3
128 129 7
129 130 7
130 131 5
131 132 4
132 133 7
133 134 9
134 135 5
135 136 3
136 137 6
137 138 3
138 139 5
139 140 9
140 141 9
141 142 2
142 143 6
143 144 4
144 145 3
145 146 8
146 147 8
147 148 3
148 149 3
149 150 6
150 151 1
151 152 3
152 153 9
153 154 3
154 155 10
155 156 8
156 157 7
157 158 4
158 159 3
159 160 10
160 161 8
161 162 9
162 163 10
163 164 8
164 165 6
165 166 3
166 167 9
167 168 2
168 169 3
169 170 9
170 171 1
171 172 4
172 173 2
173 174 3
174 175 8
175 176 9
176 177 6
177 178 9
178 179 3
179 180 1
180 181 6
181 182 2
182 183 4
183 184 4
184 185 8
185 186 1
186 187 6
187 188 2
188 189 9
189 190 5
190 191 10
191 192 1
192 193 7
193 194 7
194 195 9
195 196 2
196 197 3
197 198 3
198 199 4
199 200 7
200 201 2
201 202 8
202 203 5
203 204 4
204 205 8
205 206 3
206 207 10
207 208 10
208 209 7
209 210 6
210 211 7
211 212 8
212 213 10
213 214 6
214 215 5
215 216 4
216 217 3
217 218 4
218 219 5
219 220 8
220 221 6
221 222 4
222 223 9
223 224 4
224 225 8
225 226 10
226 227 10
227 228 4
228 229 2
229 230 9
230 231 5
231 232 8
232 233 1
233 234 9
234 235 8
235 236 6
236 237 3
237 238 8
238 239 4
239 240 1
240 241 8
241 242 8
242 243 5
243 244 5
244 245 9
245 246 7
246 247 4
247 248 9
248 249 5
249 250 10
250 251 8
251 252 8
252 253 3
253 254 3
254 255 5
255 256 10
256 257 6
257 258 6
258 259 7
259 260 5
260 261 10
261 262 3
262 263 6
263 264 7
264 265 5
265 266 4
266 267 8
267 268 1
268 269 2
269 270 1
270 271 1
271 272 2
272 273 5
273 274 7
274 275 3
275 276 5
276 277 9
277 278 5
278 279 7
279 280 5
280 281 5
281 282 8
282 283 3
283 284 4
284 285 10
285 286 8
286 287 1
287 288 8
288 289 6
289 290 9
290 291 9
291 292 3
292 293 2
293 294 1
294 295 6
295 296 5
296 297 7
297 298 2
298 299 5
299 300 6
300 301 7
301 302 10
302 303 3
303 304 5
304 305 8
305 306 4
306 307 7
307 308 5
308 309 3
309 310 1
310 311 6
311 312 10
312 313 1
313 314 5
314 315 3
315 316 4
316 317 9
317 318 1
318 319 1
319 320 6
320 321 3
321 322 3
322 323 3
323 324 8
324 325 7
325 326 5
326 327 1
327 328 2
328 329 8
329 330 8
330 331 7
331 332 1
332 333 7
333 334 1
334 335 3
335 336 7
336 337 3
337 338 10
338 339 4
339 340 8
340 341 10
341 342 2
342 343 1
343 344 4
344 345 6
345 346 1
346 347 7
347 348 10
348 349 1
349 350 9
350 351 5
351 352 4
352 353 10
353 354 9
354 355 8
355 356 3
356 357 9
357 358 6
358 359 4
359 360 3
360 361 6
361 362 8
362 363 1
363 364 4
364 365 1
365 366 5
366 367 5
367 368 5
368 369 9
369 370 9
370 371 6
371 372 10
372 373 6
373 374 1
374 375 4
375 376 8
376 377 8
377 378 7
378 379 6
379 380 6
380 381 7
381 382 6
382 383 7
383 384 2
384 385 4
385 386 8
386 387 1
387 388 3
388 389 4
389 390 2
390 391 2
391 392 3
392 393 8
393 394 4
394 395 5
395 396 1
396 397 8
397 398 3
398 399 1
399 400 7
400 401 3
401 402 9
402 403 2
403 404 5
404 405 3
405 406 7
406 407 3
407 408 2
408 409 2
409 410 9
410 411 6
411 412 2
412 413 3
413 414 2
414 415 3
415 416 5
416 417 7
417 418 2
418 419 1
419 420 9
420 421 8
421 422 7
422 423 5
423 424 9
424 425 6
425 426 10
426 427 2
427 428 4
428 429 8
429 430 4
430 431 2
431 432 8
432 433 2
433 434 3
434 435 2
435 436 7
436 437 6
437 438 10
438 439 7
439 440 4
440 441 6
441 442 8
442 443 7
443 444 3
444 445 7
445 446 4
446 447 8
447 448 6
448 449 10
449 450 1
450 451 5
451 452 4
452 453 6
453 454 4
454 455 10
455 456 6
456 457 7
457 458 2
458 459 4
459 460 8
460 461 7
461 462 4
462 463 10
463 464 6
464 465 10
465 466 4
466 467 9
467 468 6
468 469 10
469 470 3
470 471 10
471 472 7
472 473 8
473 474 6
474 475 8
475 476 2
476 477 5
477 478 9
478 479 3
479 480 7
480 481 2
481 482 6
482 483 2
483 484 8
484 485 5
485 486 4
486 487 9
487 488 9
488 489 7
489 490 5
490 491 7
491 492 5
492 493 5
493 494 1
494 495 3
495 496 1
496 497 4
497 498 10
498 499 1
499 500 4
500 501 9
501 502 6
502 503 2
503 504 7
504 505 1
505 506 9
506 507 7
507 508 6
508 509 6
509 510 7
510 511 6
511 512 9
512 513 7
513 514 1
514 515 10
515 516 4
516 517 3
517 518 6
518 519 10
519 520 9
520 521 9
521 522 4
522 523 10
523 524 7
524 525 10
525 526 7
526 527 10
527 528 8
528 529 9
529 530 4
530 531 6
531 532 8
532 533 8
533 534 1
534 535 8
535 536 2
536 537 7
537 538 2
538 539 8
539 540 2
540 541 5
541 542 3
542 543 3
543 544 8
544 545 2
545 546 10
546 547 10
547 548 9
548 549 7
549 550 5
550 551 8
551 552 3
552 553 6
553 554 9
554 555 3
555 556 1
556 557 10
557 558 7
558 559 2
559 560 10
560 561 6
561 562 9
562 563 8
563 564 5
564 565 8
565 566 10
566 567 8
567 568 7
568 569 6
569 570 6
570 571 7
571 572 2
572 573 10
573 574 4
574 575 5
575 576 1
576 577 7
577 578 9
578 579 8
579 580 7
580 581 7
581 582 3
582 583 1
583 584 1
584 585 3
585 586 9
586 587 5
587 588 6
588 589 7
589 590 2
590 591 1
591 592 10
592 593 6
593 594 4
594 595 6
595 596 6
596 597 10
597 598 2
598 599 3
599 600 2
600 601 7
601 602 2
602 603 1
603 604 3
604 605 3
605 606 5
606 607 4
607 608 6
608 609 5
609 610 3
610 611 7
611 612 9
612 613 10
613 614 3
614 615 1
615 616 2
616 617 9
617 618 3
618 619 6
619 620 1
620 621 8
621 622 9
622 623 1
623 624 1
624 625 7
625 626 10
626 627 2
627 628 4
628 629 2
629 630 8
630 631 6
631 632 8
632 633 5
633 634 3
634 635 3
635 636 5
636 637 1
637 638 8
638 639 10
639 640 10
640 641 7
641 642 5
642 643 2
643 644 8
644 645 7
645 646 4
646 647 1
647 648 9
648 649 4
649 650 9
650 651 10
651 652 1
652 653 8
653 654 7
654 655 7
655 656 3
656 657 8
657 658 3
658 659 4
659 660 6
660 661 6
661 662 8
662 663 4
663 664 4
664 665 6
665 666 9
666 667 7
667 668 3
668 669 2
669 670 6
670 671 1
671 672 2
672 673 3
673 674 2
674 675 10
675 676 3
676 677 7
677 678 9
678 679 9
679 680 4
680 681 7
681 682 8
682 683 7
683 684 4
684 685 3
685 686 2
686 687 3
687 688 5
688 689 7
689 690 10
690 691 8
691 692 3
692 693 7
693 694 4
694 695 6
695 696 4
696 697 1
697 698 4
698 699 2
699 700 2
700 701 6
701 702 10
702 703 8
703 704 8
704 705 4
705 706 6
706 707 8
707 708 2
708 709 1
709 710 9
710 711 9
711 712 5
712 713 9
713 714 8
714 715 8
715 716 9
716 717 4
717 718 5
718 719 8
719 720 3
720 721 9
721 722 6
722 723 9
723 724 2
724 725 9
725 726 8
726 727 2
727 728 4
728 729 6
729 730 8
730 731 10
731 732 6
732 733 6
733 734 8
734 735 8
735 736 8
736 737 5
737 738 5
738 739 2
739 740 3
740 741 4
741 742 2
742 743 2
743 744 9
744 745 2
745 746 4
746 747 8
747 748 8
748 749 2
749 750 8
750 751 5
751 752 5
752 753 8
753 754 4
754 755 5
755 756 7
756 757 8
757 758 7
758 759 5
759 760 6
760 761 4
761 762 6
762 763 6
763 764 4
764 765 10
765 766 5
766 767 10
767 768 6
768 769 10
769 770 7
770 771 5
771 772 5
772 773 7
773 774 5
774 775 8
775 776 7
776 777 4
777 778 2
778 779 7
779 780 7
780 781 7
781 782 2
782 783 3
783 784 3
784 785 10
785 786 1
786 787 4
787 788 1
788 789 9
789 790 10
790 791 6
791 792 4
792 793 8
793 794 10
794 795 2
795 796 4
796 797 9
797 798 6
798 799 8
799 800 10
800 801 3
801 802 6
802 803 8
803 804 7
804 805 9
805 806 5
806 807 7
807 808 4
808 809 10
809 810 2
810 811 4
811 812 1
812 813 3
813 814 2
814 815 9
815 816 3
816 817 6
817 818 3
818 819 9
819 820 8
820 821 4
821 822 4
822 823 3
823 824 1
824 825 2
825 826 8
826 827 10
827 828 3
828 829 1
829 830 8
830 831 9
831 832 8
832 833 10
833 834 1
834 835 5
835 836 1
836 837 9
837 838 6
838 839 1
839 840 8
840 841 1
841 842 6
842 843 3
843 844 2
844 845 6
845 846 6
846 847 9
847 848 9
848 849 10
849 850 4
850 851 8
851 852 1
852 853 9
853 854 9
854 855 2
855 856 7
856 857 9
857 858 2
858 859 5
859 860 3
860 861 2
861 862 2
862 863 10
863 864 6
864 865 7
865 866 4
866 867 6
867 868 4
868 869 3
869 870 3
870 871 7
871 872 7
872 873 10
873 874 2
874 875 2
875 876 5
876 877 2
877 878 6
878 879 10
879 880 2
880 881 7
881 882 7
882 883 6
883 884 4
884 885 2
885 886 2
886 887 5
887 888 6
888 889 1
889 890 1
890 891 5
891 892 4
892 893 1
893 894 9
894 895 2
895 896 6
896 897 3
897 898 2
898 899 3
899 900 1
900 901 8
901 902 5
902 903 9
903 904 8
904 905 8
905 906 10
906 907 4
907 908 2
908 909 6
909 910 9
910 911 8
911 912 9
912 913 6
913 914 7
914 915 5
915 916 5
916 917 4
917 918 10
918 919 5
919 920 5
920 921 1
921 922 3
922 923 8
923 924 10
924 925 2
925 926 6
926 927 4
927 928 6
928 929 8
929 930 7
930 931 6
931 932 3
932 933 3
933 934 9
934 935 2
935 936 7
936 937 9
937 938 10
938 939 8
939 940 2
940 941 3
941 942 4
942 943 6
943 944 10
944 945 6
945 946 4
946 947 7
947 948 4
948 949 5
949 950 4
950 951 3
951 952 10
952 953 9
953 954 1
954 955 6
955 956 2
956 957 10
957 958 4
958 959 3
959 960 6
960 961 3
961 962 7
962 963 5
963 964 7
964 965 3
965 966 3
966 967 9
967 968 9
968 969 5
969 970 10
970 971 1
971 972 8
972 973 2
973 974 10
974 975 2
975 976 7
976 977 5
977 978 4
978 979 2
979 980 5
980 981 5
981 982 10
982 983 3
983 984 10
984 985 9
985 986 4
986 987 9
987 988 8
988 989 3
989 990 10
990 991 8
991 992 7
992 993 8
993 994 6
994 995 9
995 996 3
996 997 5
997 998 4
998 999 5
999 1000 10
1000 1001 10
1001 1002 6
1002 1003 3
1003 1004 7
1004 1005 8
1005 1006 8
1006 1007 4
1007 1008 6
1008 1009 2
1009 1010 4
1010 1011 10
1011 1012 6
1012 1013 9
1013 1014 3
1014 1015 8
1015 1016 3
1016 1017 9
1017 1018 10
1018 1019 2
1019 1020 1
1020 1021 6
1021 1022 2
1022 1023 6
