2048 2047
0 1 5
1 2 7
2 3 9
3 4 4
4 5 7
5 6 2
6 7 8
7 8 3
8 9 10
9 10 8
10 11 8
11 12 10
12 13 2
13 14 10
14 15 7
15 16 2
16 17 6
17 18 7
18 19 9
19 20 2
20 21 9
21 22 10
22 23 9
23 24 7
24 25 8
25 26 5
26 27 4
27 28 1
28 29 5
29 30 6
30 31 5
31 32 3
32 33 10
33 34 7
34 35 7
35 36 1
36 37 5
37 38 6
38 39 9
39 40 3
40 41 8
41 42 1
42 43 2
43 44 2
44 45 9
45 46 7
46 47 3
47 48 7
48 49 10
49 50 1
50 51 10
51 52 3
52 53 7
53 54 3
54 55 3
55 56 4
56 57 1
57 58 8
58 59 3
59 60 9
60 61 9
61 62 4
62 63 2
63 64 2
64 65 9
65 66 4
66 67 7
67 68 1
68 69 2
69 70 5
70 71 7
71 72 2
72 73 2
73 74 10
74 75 2
75 76 9
76 77 8
77 78 3
78 79 10
79 80 5
80 81 10
81 82 10
82 83 2
83 84 7
84 85 10
85 86 2
86 87 8
87 88 1
88 89 5
89 90 8
90 91 7
91 92 9
92 93 10
93 94 4
94 95 10
95 96 6
96 97 9
97 98 7
98 99 8
99 100 8
100 101 9
101 102 6
102 103 9
103 104 6
104 105 7
105 106 9
106 107 4
107 108 5
108 109 4
109 110 8
110 111 4
111 112 3
112 113 4
113 114 8
114 115 4
115 116 3
116 117 9
117 118 6
118 119 7
119 120 7
120 121 1
121 122 9
122 123 7
123 124 3
124 125 6
125 126 5
126 127 8
127 128 6
128 129 6
129 130 1
130 131 5
131 132 6
132 133 8
133 134 6
134 135 10
135 136 10
136 137 8
137 138 1
138 139 7
139 140 7
140 141 8
141 142 2
142 143 4
143 144 9
144 145 7
145 146 2
146 147 2
147 148 6
148 149 9
149 150 8
150 151 2
151 152 9
152 153 5
153 154 6
154 155 2
155 156 7
156 157 9
157 158 9
158 159 9
159 160 3
160 161 2
161 162 10
162 163 6
163 164 7
164 165 1
165 166 10
166 167 7
167 168 3
168 169 4
169 170 6
170 171 6
171 172 1
172 173 1
173 174 3
174 175 7
175 176 7
176 177 10
177 178 6
178 179 9
179 180 4
180 181 6
181 182 9
182 183 10
183 184 3
184 185 5
185 186 10
186 187 6
187 188 6
188 189 8
189 190 9
190 191 4
191 192 4
192 193 9
193 194 9
194 195 2
195 196 1
196 197 4
197 198 10
198 199 9
199 200 4
200 201 1
201 202 3
202 203 2
203 204 10
204 205 8
205 206 2
206 207 3
207 208 7
208 209 10
209 210 10
210 211 6
211 212 8
212 213 4
213 214 7
214 215 10
215 216 3
216 217 1
217 218 10
218 219 3
219 220 6
220 221 1
221 222 1
222 223 7
223 224 8
224 225 2
225 226 3
226 227 7
227 228 6
228 229 9
229 230 8
230 231 6
231 232 8
232 233 1
233 234 6
234 235 4
235 236 4
236 237 2
237 238 1
238 239 7
239 240 10
240 241 3
241 242 8
242 243 5
243 244 10
244 245 7
245 246 10
246 247 3
247 248 9
248 249 9
249 250 4
250 251 9
251 252 4
252 253 4
253 254 9
254 255 1
255 256 3
256 257 9
257 258 9
258 259 1
259 260 6
260 261 8
261 262 4
262 263 5
263 264 10
264 265 8
265 266 8
266 267 5
267 268 5
268 269 6
269 270 1
270 271 7
271 272 3
272 273 1
273 274 5
274 275 9
275 276 9
276 277 4
277 278 4
278 279 5
279 280 3
280 281 5
281 282 7
282 283 4
283 284 10
284 285 7
285 286 8
286 287 3
287 288 5
288 289 7
289 290 4
290 291 9
291 292 1
292 293 2
293 294 1
294 295 8
295 296 4
296 297 5
297 298 4
298 299 1
299 300 8
300 301 7
301 302 1
302 303 3
303 304 6
304 305 3
305 306 2
306 307 5
307 308 4
308 309 9
309 310 7
310 311 7
311 312 3
312 313 2
313 314 2
314 315 9
315 316 3
316 317 4
317 318 9
318 319 2
319 320 8
320 321 6
321 322 3
322 323 6
323 324 9
324 325 9
325 326 2
326 327 2
327 328 2
328 329 3
329 330 10
330 331 1
331 332 7
332 333 6
333 334 10
334 335 4
335 336 3
336 337 1
337 338 7
338 339 1
339 340 5
340 341 8
341 342 4
342 343 4
343 344 9
344 345 7
345 346 7
346 347 10
347 348 10
348 349 4
349 350 9
350 351 5
351 352 7
352 353 6
353 354 3
354 355 6
355 356 4
356 357 3
357 358 4
358 359 5
359 360 8
360 361 2
361 362 6
362 363 6
363 364 6
364 365 7
365 366 4
366 367 10
367 368 7
368 369 3
369 370 7
370 371 2
371 372 1
372 373 5
373 374 7
374 375 3
375 376 9
376 377 6
377 378 4
378 379 2
379 380 6
380 381 8
381 382 1
382 383 7
383 384 10
384 385 6
385 386 8
386 387 10
387 388 8
388 389 4
389 390 9
390 391 5
391 392 10
392 393 2
393 394 4
394 395 9
395 396 1
396 397 6
397 398 3
398 399 5
399 400 10
400 401 7
401 402 3
402 403 3
403 404 3
404 405 6
405 406 8
406 407 6
407 408 10
408 409 3
409 410 6
410 411 7
411 412 7
412 413 9
413 414 2
414 415 1
415 416 9
416 417 2
417 418 4
418 419 3
419 420 4
420 421 2
421 422 3
422 423 4
423 424 3
424 425 7
425 426 8
426 427 5
427 428 4
428 429 2
429 430 3
430 431 6
431 432 8
432 433 1
433 434 6
434 435 7
435 436 10
436 437 1
437 438 7
438 439 7
439 440 7
440 441 5
441 442 2
442 443 2
443 444 4
444 445 7
445 446 4
446 447 9
447 448 8
448 449 9
449 450 10
450 451 9
451 452 9
452 453 9
453 454 3
454 455 9
455 456 2
456 457 1
457 458 4
458 459 8
459 460 5
460 461 6
461 462 10
462 463 5
463 464 6
464 465 3
465 466 4
466 467 2
467 468 1
468 469 9
469 470 5
470 471 7
471 472 7
472 473 9
473 474 7
474 475 4
475 476 8
476 477 7
477 478 1
478 479 4
479 480 3
480 481 2
481 482 10
482 483 4
483 484 6
484 485 8
485 486 4
486 487 8
487 488 7
488 489 1
489 490 7
490 491 10
491 492 9
492 493 9
493 494 2
494 495 7
495 496 9
496 497 6
497 498 3
498 499 2
499 500 8
500 501 9
501 502 2
502 503 7
503 504 3
504 505 9
505 506 6
506 507 8
507 508 7
508 509 3
509 510 3
510 511 5
511 512 6
512 513 5
513 514 1
514 515 8
515 516 2
516 517 2
517 518 2
518 519 2
519 520 1
520 521 2
521 522 7
522 523 1
523 524 7
524 525 7
525 526 1
526 527 9
527 528 10
528 529 9
529 530 8
530 531 9
531 532 1
532 533 9
533 534 6
534 535 5
535 536 10
536 537 9
537 538 5
538 539 6
539 540 8
540 541 4
541 542 2
542 543 2
543 544 9
544 545 3
545 546 10
546 547 10
547 548 5
548 549 7
549 550 6
550 551 10
551 552 10
552 553 4
553 554 7
554 555 10
555 556 7
556 557 10
557 558 4
558 559 7
559 560 5
560 561 5
561 562 1
562 563 1
563 564 5
564 565 2
565 566 6
566 567 7
567 568 3
568 569 5
569 570 7
570 571 10
571 572 6
572 573 1
573 574 7
574 575 2
575 576 5
576 577 9
577 578 4
578 579 5
579 580 2
580 581 2
581 582 4
582 583 9
583 584 1
584 585 9
585 586 5
586 587 9
587 588 7
588 589 7
589 590 8
590 591 3
591 592 8
592 593 6
593 594 5
594 595 4
595 596 6
596 597 3
597 598 5
598 599 7
599 600 6
600 601 3
601 602 10
602 603 1
603 604 1
604 605 2
605 606 6
606 607 5
607 608 9
608 609 6
609 610 5
610 611 10
611 612 9
612 613 2
613 614 3
614 615 5
615 616 2
616 617 4
617 618 8
618 619 5
619 620 3
620 621 6
621 622 8
622 623 1
623 624 1
624 625 6
625 626 4
626 627 10
627 628 6
628 629 1
629 630 8
630 631 3
631 632 5
632 633 7
633 634 7
634 635 6
635 636 8
636 637 4
637 638 9
638 639 3
639 640 7
640 641 8
641 642 2
642 643 5
643 644 9
644 645 9
645 646 2
646 647 5
647 648 4
648 649 3
649 650 1
650 651 10
651 652 2
652 653 4
653 654 1
654 655 2
655 656 8
656 657 6
657 658 5
658 659 6
659 660 10
660 661 4
661 662 8
662 663 10
663 664 3
664 665 8
665 666 5
666 667 6
667 668 4
668 669 7
669 670 5
670 671 2
671 672 9
672 673 5
673 674 4
674 675 8
675 676 1
676 677 9
677 678 6
678 679 2
679 680 8
680 681 8
681 682 3
682 683 5
683 684 3
684 685 7
685 686 1
686 687 10
687 688 4
688 689 7
689 690 1
690 691 7
691 692 8
692 693 3
693 694 10
694 695 9
695 696 2
696 697 3
697 698 1
698 699 5
699 700 9
700 701 3
701 702 7
702 703 2
703 704 10
704 705 2
705 706 3
706 707 4
707 708 2
708 709 8
709 710 4
710 711 4
711 712 3
712 713 10
713 714 2
714 715 2
715 716 4
716 717 2
717 718 7
718 719 8
719 720 3
720 721 9
721 722 6
722 723 10
723 724 2
724 725 10
725 726 7
726 727 4
727 728 5
728 729 10
729 730 6
730 731 9
731 732 4
732 733 1
733 734 1
734 735 9
735 736 7
736 737 2
737 738 3
738 739 9
739 740 4
740 741 5
741 742 6
742 743 10
743 744 4
744 745 8
745 746 3
746 747 4
747 748 4
748 749 4
749 750 4
750 751 2
751 752 10
752 753 6
753 754 5
754 755 8
755 756 5
756 757 4
757 758 3
758 759 4
759 760 3
760 761 1
761 762 4
762 763 10
763 764 5
764 765 5
765 766 6
766 767 10
767 768 3
768 769 10
769 770 9
770 771 1
771 772 8
772 773 1
773 774 5
774 775 8
775 776 9
776 777 6
777 778 4
778 779 3
779 780 4
780 781 10
781 782 6
782 783 7
783 784 8
784 785 9
785 786 10
786 787 3
787 788 1
788 789 10
789 790 7
790 791 2
791 792 1
792 793 10
793 794 8
794 795 5
795 796 6
796 797 7
797 798 8
798 799 10
799 800 1
800 801 6
801 802 4
802 803 4
803 804 6
804 805 9
805 806 3
806 807 3
807 808 1
808 809 1
809 810 1
810 811 10
811 812 1
812 813 7
813 814 4
814 815 6
815 816 6
816 817 1
817 818 10
818 819 6
819 820 1
820 821 6
821 822 1
822 823 4
823 824 6
824 825 8
825 826 8
826 827 3
827 828 6
828 829 9
829 830 3
830 831 3
831 832 10
832 833 5
833 834 4
834 835 10
835 836 3
836 837 8
837 838 10
838 839 10
839 840 7
840 841 1
841 842 7
842 843 7
843 844 1
844 845 9
845 846 7
846 847 1
847 848 1
848 849 4
849 850 9
850 851 10
851 852 7
852 853 8
853 854 3
854 855 8
855 856 5
856 857 4
857 858 4
858 859 6
859 860 3
860 861 6
861 862 1
862 863 8
863 864 5
864 865 2
865 866 3
866 867 8
867 868 2
868 869 4
869 870 3
870 871 1
871 872 2
872 873 3
873 874 2
874 875 7
875 876 8
876 877 7
877 878 6
878 879 3
879 880 4
880 881 4
881 882 8
882 883 2
883 884 7
884 885 8
885 886 1
886 887 8
887 888 2
888 889 4
889 890 4
890 891 4
891 892 6
892 893 4
893 894 3
894 895 6
895 896 10
896 897 9
897 898 2
898 899 4
899 900 3
900 901 2
901 902 1
902 903 1
903 904 10
904 905 10
905 906 5
906 907 3
907 908 3
908 909 2
909 910 5
910 911 6
911 912 5
912 913 2
913 914 9
914 915 3
915 916 1
916 917 5
917 918 9
918 919 5
919 920 2
920 921 3
921 922 3
922 923 9
923 924 7
924 925 5
925 926 2
926 927 4
927 928 1
928 929 1
929 930 2
930 931 9
931 932 5
932 933 9
933 934 9
934 935 2
935 936 6
936 937 4
937 938 7
938 939 10
939 940 9
940 941 4
941 942 7
942 943 1
943 944 2
944 945 3
945 946 2
946 947 7
947 948 1
948 949 8
949 950 9
950 951 9
951 952 6
952 953 9
953 954 9
954 955 3
955 956 6
956 957 8
957 958 5
958 959 1
959 960 4
960 961 5
961 962 5
962 963 5
963 964 9
964 965 2
965 966 3
966 967 1
967 968 2
968 969 5
969 970 10
970 971 9
971 972 1
972 973 8
973 974 10
974 975 8
975 976 1
976 977 2
977 978 9
978 979 2
979 980 10
980 981 10
981 982 4
982 983 6
983 984 1
984 985 4
985 986 5
986 987 3
987 988 3
988 989 10
989 990 10
990 991 3
991 992 8
992 993 7
993 994 2
994 995 4
995 996 10
996 997 8
997 998 2
998 999 4
999 1000 8
1000 1001 10
1001 1002 9
1002 1003 5
1003 1004 2
1004 1005 5
1005 1006 4
1006 1007 7
1007 1008 8
1008 1009 4
1009 1010 1
1010 1011 2
1011 1012 1
1012 1013 7
1013 1014 1
1014 1015 6
1015 1016 9
1016 1017 10
1017 1018 10
1018 1019 5
1019 1020 2
1020 1021 4
1021 1022 4
1022 1023 1
1023 1024 3
1024 1025 4
1025 1026 1
1026 1027 2
1027 1028 7
1028 1029 2
1029 1030 3
1030 1031 5
1031 1032 3
1032 1033 9
1033 1034 1
1034 1035 5
1035 1036 2
1036 1037 3
1037 1038 6
1038 1039 6
1039 1040 7
1040 1041 2
1041 1042 4
1042 1043 6
1043 1044 6
1044 1045 6
1045 1046 9
1046 1047 4
1047 1048 7
1048 1049 3
1049 1050 8
1050 1051 9
1051 1052 7
1052 1053 10
1053 1054 2
1054 1055 8
1055 1056 8
1056 1057 9
1057 1058 7
1058 1059 5
1059 1060 10
1060 1061 7
1061 1062 4
1062 1063 7
1063 1064 7
1064 1065 8
1065 1066 8
1066 1067 3
1067 1068 6
1068 1069 6
1069 1070 7
1070 1071 7
1071 1072 6
1072 1073 3
1073 1074 10
1074 1075 2
1075 1076 8
1076 1077 8
1077 1078 5
1078 1079 6
1079 1080 2
1080 1081 9
1081 1082 4
1082 1083 6
1083 1084 3
1084 1085 7
1085 1086 2
1086 1087 7
1087 1088 4
1088 1089 4
1089 1090 4
1090 1091 3
1091 1092 6
1092 1093 5
1093 1094 8
1094 1095 5
1095 1096 2
1096 1097 10
1097 1098 8
1098 1099 9
1099 1100 2
1100 1101 10
1101 1102 3
1102 1103 8
1103 1104 7
1104 1105 10
1105 1106 3
1106 1107 9
1107 1108 1
1108 1109 5
1109 1110 9
1110 1111 1
1111 1112 2
1112 1113 7
1113 1114 1
1114 1115 9
1115 1116 1
1116 1117 9
1117 1118 1
1118 1119 10
1119 1120 7
1120 1121 1
1121 1122 4
1122 1123 5
1123 1124 5
1124 1125 4
1125 1126 4
1126 1127 3
1127 1128 1
1128 1129 7
1129 1130 10
1130 1131 4
1131 1132 1
1132 1133 6
1133 1134 9
1134 1135 2
1135 1136 1
1136 1137 8
1137 1138 8
1138 1139 4
1139 1140 4
1140 1141 8
1141 1142 2
1142 1143 2
1143 1144 10
1144 1145 6
1145 1146 4
1146 1147 9
1147 1148 7
1148 1149 2
1149 1150 8
1150 1151 3
1151 1152 3
1152 1153 6
1153 1154 1
1154 1155 2
1155 1156 1
1156 1157 3
1157 1158 1
1158 1159 4
1159 1160 9
1160 1161 8
1161 1162 3
1162 1163 9
1163 1164 1
1164 1165 9
1165 1166 3
1166 1167 2
1167 1168 7
1168 1169 5
1169 1170 7
1170 1171 8
1171 1172 1
1172 1173 1
1173 1174 3
1174 1175 2
1175 1176 9
1176 1177 1
1177 1178 3
1178 1179 7
1179 1180 3
1180 1181 4
1181 1182 10
1182 1183 5
1183 1184 3
1184 1185 1
1185 1186 1
1186 1187 6
1187 1188 3
1188 1189 3
1189 1190 8
1190 1191 4
1191 1192 7
1192 1193 5
1193 1194 10
1194 1195 10
1195 1196 6
1196 1197 4
1197 1198 4
1198 1199 7
1199 1200 1
1200 1201 4
1201 1202 5
1202 1203 10
1203 1204 10
1204 1205 4
1205 1206 5
1206 1207 1
1207 1208 4
1208 1209 9
1209 1210 8
1210 1211 5
1211 1212 10
1212 1213 8
1213 1214 7
1214 1215 7
1215 1216 5
1216 1217 3
1217 1218 3
1218 1219 10
1219 1220 1
1220 1221 1
1221 1222 6
1222 1223 6
1223 1224 3
1224 1225 4
1225 1226 5
1226 1227 8
1227 1228 5
1228 1229 5
1229 1230 6
1230 1231 6
1231 1232 8
1232 1233 10
1233 1234 10
1234 1235 5
1235 1236 9
1236 1237 8
1237 1238 6
1238 1239 10
1239 1240 4
1240 1241 7
1241 1242 6
1242 1243 8
1243 1244 6
1244 1245 5
1245 1246 3
1246 1247 6
1247 1248 10
1248 1249 10
1249 1250 7
1250 1251 9
1251 1252 1
1252 1253 3
1253 1254 1
1254 1255 8
1255 1256 6
1256 1257 7
1257 1258 3
1258 1259 4
1259 1260 1
1260 1261 1
1261 1262 3
1262 1263 6
1263 1264 10
1264 1265 8
1265 1266 9
1266 1267 6
1267 1268 7
1268 1269 4
1269 1270 5
1270 1271 5
1271 1272 3
1272 1273 1
1273 1274 3
1274 1275 2
1275 1276 9
1276 1277 6
1277 1278 5
1278 1279 8
1279 1280 1
1280 1281 3
1281 1282 2
1282 1283 4
1283 1284 8
1284 1285 8
1285 1286 1
1286 1287 3
1287 1288 4
1288 1289 6
1289 1290 3
1290 1291 9
1291 1292 4
1292 1293 10
1293 1294 6
1294 1295 5
1295 1296 8
1296 1297 8
1297 1298 4
1298 1299 7
1299 1300 3
1300 1301 1
1301 1302 5
1302 1303 3
1303 1304 10
1304 1305 6
1305 1306 10
1306 1307 3
1307 1308 4
1308 1309 1
1309 1310 7
1310 1311 4
1311 1312 9
1312 1313 9
1313 1314 6
1314 1315 8
1315 1316 2
1316 1317 7
1317 1318 6
1318 1319 2
1319 1320 9
1320 1321 1
1321 1322 3
1322 1323 6
1323 1324 9
1324 1325 8
1325 1326 10
1326 1327 9
1327 1328 1
1328 1329 10
1329 1330 5
1330 1331 9
1331 1332 8
1332 1333 5
1333 1334 2
1334 1335 6
1335 1336 3
1336 1337 4
1337 1338 9
1338 1339 8
1339 1340 2
1340 1341 7
1341 1342 3
1342 1343 2
1343 1344 1
1344 1345 3
1345 1346 3
1346 1347 7
1347 1348 6
1348 1349 5
1349 1350 5
1350 1351 7
1351 1352 1
1352 1353 8
1353 1354 9
1354 1355 3
1355 1356 1
1356 1357 6
1357 1358 8
1358 1359 10
1359 1360 1
1360 1361 8
1361 1362 8
1362 1363 7
1363 1364 6
1364 1365 9
1365 1366 9
1366 1367 4
1367 1368 6
1368 1369 3
1369 1370 5
1370 1371 8
1371 1372 7
1372 1373 5
1373 1374 1
1374 1375 3
1375 1376 9
1376 1377 10
1377 1378 8
1378 1379 3
1379 1380 4
1380 1381 9
1381 1382 3
1382 1383 2
1383 1384 6
1384 1385 10
1385 1386 7
1386 1387 4
1387 1388 7
1388 1389 6
1389 1390 8
1390 1391 8
1391 1392 3
1392 1393 9
1393 1394 7
1394 1395 9
1395 1396 9
1396 1397 8
1397 1398 3
1398 1399 4
1399 1400 5
1400 1401 6
1401 1402 7
1402 1403 1
1403 1404 7
1404 1405 9
1405 1406 6
1406 1407 7
1407 1408 6
1408 1409 10
1409 1410 1
1410 1411 7
1411 1412 8
1412 1413 6
1413 1414 5
1414 1415 1
1415 1416 4
1416 1417 4
1417 1418 1
1418 1419 6
1419 1420 2
1420 1421 5
1421 1422 4
1422 1423 10
1423 1424 9
1424 1425 1
1425 1426 1
1426 1427 6
1427 1428 5
1428 1429 7
1429 1430 4
1430 1431 6
1431 1432 2
1432 1433 10
1433 1434 7
1434 1435 6
1435 1436 1
1436 1437 3
1437 1438 3
1438 1439 1
1439 1440 10
1440 1441 5
1441 1442 6
1442 1443 10
1443 1444 5
1444 1445 4
1445 1446 5
1446 1447 1
1447 1448 6
1448 1449 5
1449 1450 7
1450 1451 4
1451 1452 8
1452 1453 8
1453 1454 3
1454 1455 2
1455 1456 7
1456 1457 1
1457 1458 9
1458 1459 3
1459 1460 6
1460 1461 10
1461 1462 3
1462 1463 10
1463 1464 6
1464 1465 9
1465 1466 7
1466 1467 4
1467 1468 8
1468 1469 8
1469 1470 5
1470 1471 10
1471 1472 10
1472 1473 4
1473 1474 6
1474 1475 2
1475 1476 2
1476 1477 6
1477 1478 7
1478 1479 8
1479 1480 4
1480 1481 9
1481 1482 10
1482 1483 10
1483 1484 1
1484 1485 7
1485 1486 7
1486 1487 9
1487 1488 7
1488 1489 8
1489 1490 3
1490 1491 6
1491 1492 10
1492 1493 10
1493 1494 9
1494 1495 4
1495 1496 7
1496 1497 1
1497 1498 8
1498 1499 6
1499 1500 7
1500 1501 8
1501 1502 5
1502 1503 4
1503 1504 4
1504 1505 2
1505 1506 9
1506 1507 7
1507 1508 4
1508 1509 2
1509 1510 6
1510 1511 10
1511 1512 1
1512 1513 1
1513 1514 4
1514 1515 9
1515 1516 5
1516 1517 10
1517 1518 1
1518 1519 2
1519 1520 5
1520 1521 4
1521 1522 10
1522 1523 3
1523 1524 10
1524 1525 7
1525 1526 2
1526 1527 5
1527 1528 8
1528 1529 10
1529 1530 5
1530 1531 2
1531 1532 3
1532 1533 5
1533 1534 8
1534 1535 1
1535 1536 2
1536 1537 2
1537 1538 1
1538 1539 6
1539 1540 9
1540 1541 4
1541 1542 2
1542 1543 5
1543 1544 3
1544 1545 7
1545 1546 9
1546 1547 10
1547 1548 6
1548 1549 5
1549 1550 4
1550 1551 4
1551 1552 2
1552 1553 5
1553 1554 1
1554 1555 9
1555 1556 9
1556 1557 4
1557 1558 10
1558 1559 7
1559 1560 1
1560 1561 3
1561 1562 3
1562 1563 9
1563 1564 4
1564 1565 8
1565 1566 8
1566 1567 4
1567 1568 1
1568 1569 7
1569 1570 5
1570 1571 9
1571 1572 8
1572 1573 5
1573 1574 5
1574 1575 9
1575 1576 7
1576 1577 5
1577 1578 1
1578 1579 3
1579 1580 2
1580 1581 6
1581 1582 10
1582 1583 9
1583 1584 8
1584 1585 5
1585 1586 3
1586 1587 9
1587 1588 9
1588 1589 4
1589 1590 10
1590 1591 3
1591 1592 1
1592 1593 5
1593 1594 6
1594 1595 3
1595 1596 8
1596 1597 4
1597 1598 2
1598 1599 6
1599 1600 6
1600 1601 3
1601 1602 6
1602 1603 7
1603 1604 3
1604 1605 2
1605 1606 10
1606 1607 7
1607 1608 5
1608 1609 2
1609 1610 6
1610 1611 6
1611 1612 6
1612 1613 10
1613 1614 10
1614 1615 2
1615 1616 6
1616 1617 6
1617 1618 7
1618 1619 10
1619 1620 2
1620 1621 3
1621 1622 10
1622 1623 1
1623 1624 4
1624 1625 6
1625 1626 1
1626 1627 1
1627 1628 1
1628 1629 9
1629 1630 3
1630 1631 7
1631 1632 8
1632 1633 10
1633 1634 5
1634 1635 2
1635 1636 8
1636 1637 6
1637 1638 7
1638 1639 5
1639 1640 1
1640 1641 3
1641 1642 4
1642 1643 8
1643 1644 6
1644 1645 1
1645 1646 9
1646 1647 3
1647 1648 6
1648 1649 6
1649 1650 2
1650 1651 6
1651 1652 2
1652 1653 8
1653 1654 8
1654 1655 8
1655 1656 7
1656 1657 6
1657 1658 6
1658 1659 2
1659 1660 8
1660 1661 8
1661 1662 7
1662 1663 9
1663 1664 7
1664 1665 1
1665 1666 1
1666 1667 10
1667 1668 1
1668 1669 6
1669 1670 10
1670 1671 10
1671 1672 5
1672 1673 5
1673 1674 5
1674 1675 3
1675 1676 8
1676 1677 2
1677 1678 3
1678 1679 5
1679 1680 1
1680 1681 1
1681 1682 7
1682 1683 4
1683 1684 9
1684 1685 7
1685 1686 2
1686 1687 10
1687 1688 4
1688 1689 2
1689 1690 5
1690 1691 8
1691 1692 9
1692 1693 3
1693 1694 6
1694 1695 10
1695 1696 2
1696 1697 7
1697 1698 8
1698 1699 10
1699 1700 6
1700 1701 7
1701 1702 1
1702 1703 3
1703 1704 5
1704 1705 6
1705 1706 1
1706 1707 4
1707 1708 1
1708 1709 8
1709 1710 9
1710 1711 1
1711 1712 5
1712 1713 1
1713 1714 6
1714 1715 4
1715 1716 10
1716 1717 10
1717 1718 2
1718 1719 10
1719 1720 1
1720 1721 1
1721 1722 8
1722 1723 7
1723 1724 3
1724 1725 3
1725 1726 6
1726 1727 10
1727 1728 3
1728 1729 1
1729 1730 7
1730 1731 10
1731 1732 3
1732 1733 8
1733 1734 3
1734 1735 8
1735 1736 4
1736 1737 8
1737 1738 5
1738 1739 9
1739 1740 2
1740 1741 1
1741 1742 8
1742 1743 2
1743 1744 7
1744 1745 6
1745 1746 3
1746 1747 4
1747 1748 10
1748 1749 6
1749 1750 2
1750 1751 7
1751 1752 7
1752 1753 10
1753 1754 5
1754 1755 6
1755 1756 10
1756 1757 8
1757 1758 9
1758 1759 8
1759 1760 2
1760 1761 9
1761 1762 8
1762 1763 4
1763 1764 7
1764 1765 1
1765 1766 9
1766 1767 8
1767 1768 1
1768 1769 9
1769 1770 8
1770 1771 9
1771 1772 3
1772 1773 3
1773 1774 3
1774 1775 2
1775 1776 8
1776 1777 3
1777 1778 2
1778 1779 5
1779 1780 1
1780 1781 8
1781 1782 4
1782 1783 5
1783 1784 2
1784 1785 7
1785 1786 7
1786 1787 9
1787 1788 2
1788 1789 9
1789 1790 10
1790 1791 10
1791 1792 7
1792 1793 9
1793 1794 7
1794 1795 1
1795 1796 9
1796 1797 1
1797 1798 2
1798 1799 7
1799 1800 8
1800 1801 7
1801 1802 1
1802 1803 1
1803 1804 3
1804 1805 10
1805 1806 10
1806 1807 8
1807 1808 5
1808 1809 9
1809 1810 5
1810 1811 2
1811 1812 9
1812 1813 7
1813 1814 10
1814 1815 9
1815 1816 3
1816 1817 4
1817 1818 1
1818 1819 9
1819 1820 10
1820 1821 6
1821 1822 10
1822 1823 10
1823 1824 4
1824 1825 10
1825 1826 3
1826 1827 8
1827 1828 9
1828 1829 6
1829 1830 1
1830 1831 9
1831 1832 1
1832 1833 1
1833 1834 6
1834 1835 5
1835 1836 2
1836 1837 3
1837 1838 5
1838 1839 9
1839 1840 8
1840 1841 10
1841 1842 2
1842 1843 5
1843 1844 6
1844 1845 2
1845 1846 5
1846 1847 8
1847 1848 8
1848 1849 6
1849 1850 1
1850 1851 6
1851 1852 3
1852 1853 3
1853 1854 7
1854 1855 6
1855 1856 4
1856 1857 9
1857 1858 8
1858 1859 6
1859 1860 6
1860 1861 2
1861 1862 8
1862 1863 4
1863 1864 7
1864 1865 9
1865 1866 5
1866 1867 7
1867 1868 3
1868 1869 2
1869 1870 2
1870 1871 9
1871 1872 3
1872 1873 8
1873 1874 6
1874 1875 2
1875 1876 5
1876 1877 10
1877 1878 5
1878 1879 10
1879 1880 9
1880 1881 2
1881 1882 10
1882 1883 4
1883 1884 7
1884 1885 9
1885 1886 8
1886 1887 3
1887 1888 10
1888 1889 5
1889 1890 5
1890 1891 7
1891 1892 6
1892 1893 1
1893 1894 1
1894 1895 2
1895 1896 2
1896 1897 10
1897 1898 6
1898 1899 2
1899 1900 1
1900 1901 1
1901 1902 8
1902 1903 10
1903 1904 10
1904 1905 10
1905 1906 10
1906 1907 8
1907 1908 2
1908 1909 3
1909 1910 7
1910 1911 2
1911 1912 8
1912 1913 2
1913 1914 3
1914 1915 8
1915 1916 9
1916 1917 3
1917 1918 9
1918 1919 1
1919 1920 5
1920 1921 8
1921 1922 1
1922 1923 5
1923 1924 5
1924 1925 3
1925 1926 9
1926 1927 6
1927 1928 1
1928 1929 2
1929 1930 6
1930 1931 10
1931 1932 9
1932 1933 10
1933 1934 3
1934 1935 1
1935 1936 6
1936 1937 2
1937 1938 7
1938 1939 8
1939 1940 3
1940 1941 7
1941 1942 5
1942 1943 2
1943 1944 8
1944 1945 2
1945 1946 3
1946 1947 7
1947 1948 10
1948 1949 1
1949 1950 10
1950 1951 4
1951 1952 5
1952 1953 3
1953 1954 1
1954 1955 5
1955 1956 8
1956 1957 1
1957 1958 10
1958 1959 1
1959 1960 2
1960 1961 8
1961 1962 6
1962 1963 6
1963 1964 4
1964 1965 7
1965 1966 5
1966 1967 8
1967 1968 9
1968 1969 3
1969 1970 2
1970 1971 4
1971 1972 5
1972 1973 7
1973 1974 4
1974 1975 5
1975 1976 9
1976 1977 8
1977 1978 1
1978 1979 10
1979 1980 8
1980 1981 8
1981 1982 8
1982 1983 5
1983 1984 9
1984 1985 10
1985 1986 8
1986 1987 8
1987 1988 1
1988 1989 1
1989 1990 4
1990 1991 10
1991 1992 8
1992 1993 1
1993 1994 5
1994 1995 7
1995 1996 3
1996 1997 10
1997 1998 5
1998 1999 3
1999 2000 10
2000 2001 6
2001 2002 3
2002 2003 2
2003 2004 4
2004 2005 6
2005 2006 7
2006 2007 6
2007 2008 2
2008 2009 7
2009 2010 5
2010 2011 6
2011 2012 4
2012 2013 3
2013 2014 7
2014 2015 3
2015 2016 5
2016 2017 10
2017 2018 6
2018 2019 3
2019 2020 9
2020 2021 7
2021 2022 8
2022 2023 5
2023 2024 7
2024 2025 9
2025 2026 1
2026 2027 2
2027 2028 10
2028 2029 1
2029 2030 9
2030 2031 10
2031 2032 9
2032 2033 2
2033 2034 4
2034 2035 5
2035 2036 7
2036 2037 4
2037 2038 3
2038 2039 2
2039 2040 7
2040 2041 7
2041 2042 2
2042 2043 2
2043 2044 1
2044 2045 6
2045 2046 4
2046 2047 6
