4096 4095
0 1 4
1 2 2
2 3 8
3 4 4
4 5 2
5 6 1
6 7 3
7 8 10
8 9 7
9 10 7
10 11 9
11 12 2
12 13 5
13 14 3
14 15 9
15 16 2
16 17 10
17 18 4
18 19 7
19 20 9
20 21 6
21 22 8
22 23 1
23 24 3
24 25 1
25 26 5
26 27 10
27 28 6
28 29 10
29 30 4
30 31 10
31 32 6
32 33 7
33 34 5
34 35 3
35 36 10
36 37 5
37 38 6
38 39 1
39 40 1
40 41 3
41 42 1
42 43 3
43 44 5
44 45 2
45 46 2
46 47 1
47 48 9
48 49 6
49 50 5
50 51 4
51 52 6
52 53 7
53 54 5
54 55 10
55 56 10
56 57 4
57 58 5
58 59 1
59 60 5
60 61 1
61 62 8
62 63 1
63 64 9
64 65 8
65 66 1
66 67 3
67 68 4
68 69 2
69 70 9
70 71 9
71 72 10
72 73 9
73 74 6
74 75 6
75 76 3
76 77 3
77 78 4
78 79 8
79 80 4
80 81 7
81 82 5
82 83 1
83 84 6
84 85 9
85 86 10
86 87 5
87 88 9
88 89 9
89 90 4
90 91 6
91 92 2
92 93 7
93 94 3
94 95 8
95 96 2
96 97 7
97 98 9
98 99 4
99 100 4
100 101 3
101 102 3
102 103 1
103 104 7
104 105 6
105 106 2
106 107 2
107 108 4
108 109 9
109 110 5
110 111 3
111 112 2
112 113 1
113 114 8
114 115 6
115 116 4
116 117 10
117 118 4
118 119 5
119 120 2
120 121 6
121 122 2
122 123 7
123 124 10
124 125 8
125 126 1
126 127 5
127 128 3
128 129 4
129 130 4
130 131 10
131 132 2
132 133 5
133 134 7
134 135 2
135 136 9
136 137 7
137 138 3
138 139 10
139 140 6
140 141 1
141 142 4
142 143 4
143 144 4
144 145 6
145 146 1
146 147 4
147 148 7
148 149 10
149 150 2
150 151 5
151 152 1
152 153 10
153 154 9
154 155 4
155 156 2
156 157 3
157 158 4
158 159 3
159 160 9
160 161 2
161 162 7
162 163 3
163 164 10
164 165 1
165 166 9
166 167 9
167 168 3
168 169 7
169 170 10
170 171 6
171 172 4
172 173 10
173 174 5
174 175 2
175 176 7
176 177 6
177 178 9
178 179 9
179 180 4
180 181 10
181 182 8
182 183 4
183 184 4
184 185 4
185 186 10
186 187 7
187 188 3
188 189 7
189 190 3
190 191 9
191 192 1
192 193 5
193 194 2
194 195 1
195 196 5
196 197 10
197 198 2
198 199 8
199 200 9
200 201 7
201 202 3
202 203 5
203 204 6
204 205 5
205 206 7
206 207 1
207 208 5
208 209 7
209 210 2
210 211 1
211 212 6
212 213 8
213 214 4
214 215 8
215 216 6
216 217 10
217 218 7
218 219 8
219 220 10
220 221 8
221 222 8
222 223 8
223 224 1
224 225 6
225 226 4
226 227 5
227 228 2
228 229 2
229 230 1
230 231 6
231 232 10
232 233 6
233 234 8
234 235 2
235 236 5
236 237 10
237 238 5
238 239 8
239 240 10
240 241 9
241 242 1
242 243 6
243 244 1
244 245 10
245 246 4
246 247 4
247 248 5
248 249 4
249 250 7
250 251 9
251 252 10
252 253 1
253 254 6
254 255 4
255 256 5
256 257 8
257 258 5
258 259 9
259 260 1
260 261 1
261 262 9
262 263 9
263 264 2
264 265 4
265 266 6
266 267 1
267 268 8
268 269 5
269 270 1
270 271 4
271 272 3
272 273 7
273 274 4
274 275 6
275 276 3
276 277 3
277 278 10
278 279 2
279 280 8
280 281 9
281 282 2
282 283 6
283 284 4
284 285 8
285 286 7
286 287 8
287 288 1
288 289 9
289 290 9
290 291 5
291 292 3
292 293 6
293 294 4
294 295 6
295 296 2
296 297 10
297 298 6
298 299 2
299 300 9
300 301 1
301 302 8
302 303 4
303 304 1
304 305 10
305 306 10
306 307 9
307 308 9
308 309 1
309 310 2
310 311 4
311 312 1
312 313 8
313 314 4
314 315 3
315 316 2
316 317 2
317 318 9
318 319 7
319 320 6
320 321 5
321 322 8
322 323 10
323 324 5
324 325 2
325 326 6
326 327 7
327 328 3
328 329 7
329 330 9
330 331 9
331 332 1
332 333 10
333 334 10
334 335 7
335 336 2
336 337 10
337 338 7
338 339 3
339 340 8
340 341 5
341 342 7
342 343 7
343 344 4
344 345 5
345 346 3
346 347 4
347 348 5
348 349 10
349 350 6
350 351 7
351 352 1
352 353 10
353 354 2
354 355 10
355 356 4
356 357 7
357 358 7
358 359 2
359 360 7
360 361 7
361 362 5
362 363 5
363 364 5
364 365 3
365 366 8
366 367 8
367 368 8
368 369 4
369 370 2
370 371 8
371 372 8
372 373 5
373 374 10
374 375 3
375 376 3
376 377 6
377 378 9
378 379 2
379 380 1
380 381 1
381 382 4
382 383 1
383 384 9
384 385 6
385 386 1
386 387 1
387 388 6
388 389 5
389 390 4
390 391 9
391 392 5
392 393 10
393 394 9
394 395 2
395 396 9
396 397 1
397 398 6
398 399 10
399 400 5
400 401 7
401 402 5
402 403 9
403 404 10
404 405 3
405 406 8
406 407 3
407 408 9
408 409 8
409 410 5
410 411 7
411 412 7
412 413 3
413 414 7
414 415 7
415 416 6
416 417 5
417 418 6
418 419 4
419 420 7
420 421 2
421 422 3
422 423 8
423 424 10
424 425 2
425 426 8
426 427 8
427 428 9
428 429 1
429 430 6
430 431 6
431 432 7
432 433 2
433 434 2
434 435 7
435 436 4
436 437 6
437 438 10
438 439 5
439 440 5
440 441 2
441 442 4
442 443 6
443 444 8
444 445 2
445 446 2
446 447 2
447 448 3
448 449 8
449 450 7
450 451 4
451 452 9
452 453 10
453 454 8
454 455 7
455 456 9
456 457 6
457 458 10
458 459 1
459 460 6
460 461 6
461 462 1
462 463 6
463 464 5
464 465 6
465 466 6
466 467 10
467 468 6
468 469 6
469 470 3
470 471 2
471 472 4
472 473 7
473 474 1
474 475 9
475 476 3
476 477 4
477 478 3
478 479 2
479 480 6
480 481 7
481 482 7
482 483 10
483 484 8
484 485 7
485 486 2
486 487 3
487 488 10
488 489 10
489 490 2
490 491 5
491 492 7
492 493 6
493 494 8
494 495 9
495 496 5
496 497 1
497 498 8
498 499 1
499 500 1
500 501 6
501 502 9
502 503 2
503 504 5
504 505 5
505 506 3
506 507 2
507 508 6
508 509 6
509 510 4
510 511 2
511 512 8
512 513 8
513 514 5
514 515 1
515 516 10
516 517 10
517 518 6
518 519 10
519 520 7
520 521 9
521 522 7
522 523 3
523 524 1
524 525 5
525 526 9
526 527 7
527 528 2
528 529 5
529 530 1
530 531 9
531 532 9
532 533 2
533 534 7
534 535 5
535 536 10
536 537 9
537 538 2
538 539 6
539 540 10
540 541 5
541 542 5
542 543 8
543 544 3
544 545 1
545 546 4
546 547 7
547 548 7
548 549 6
549 550 4
550 551 10
551 552 10
552 553 6
553 554 5
554 555 9
555 556 6
556 557 1
557 558 6
558 559 8
559 560 6
560 561 3
561 562 5
562 563 3
563 564 8
564 565 1
565 566 1
566 567 8
567 568 6
568 569 7
569 570 10
570 571 4
571 572 10
572 573 8
573 574 3
574 575 8
575 576 10
576 577 6
577 578 3
578 579 1
579 580 9
580 581 9
581 582 2
582 583 10
583 584 1
584 585 10
585 586 9
586 587 3
587 588 2
588 589 4
589 590 2
590 591 7
591 592 9
592 593 6
593 594 4
594 595 3
595 596 3
596 597 6
597 598 2
598 599 2
599 600 4
600 601 5
601 602 2
602 603 6
603 604 6
604 605 8
605 606 8
606 607 2
607 608 2
608 609 2
609 610 3
610 611 5
611 612 2
612 613 10
613 614 6
614 615 8
615 616 6
616 617 3
617 618 6
618 619 6
619 620 9
620 621 6
621 622 1
622 623 8
623 624 4
624 625 7
625 626 9
626 627 2
627 628 9
628 629 1
629 630 9
630 631 8
631 632 3
632 633 3
633 634 7
634 635 2
635 636 10
636 637 4
637 638 2
638 639 4
639 640 8
640 641 10
641 642 8
642 643 2
643 644 2
644 645 9
645 646 7
646 647 3
647 648 4
648 649 8
649 650 1
650 651 8
651 652 8
652 653 6
653 654 6
654 655 7
655 656 1
656 657 1
657 658 6
658 659 9
659 660 9
660 661 1
661 662 5
662 663 4
663 664 6
664 665 3
665 666 10
666 667 4
667 668 3
668 669 9
669 670 3
670 671 8
671 672 6
672 673 9
673 674 3
674 675 1
675 676 10
676 677 9
677 678 7
678 679 7
679 680 3
680 681 9
681 682 10
682 683 9
683 684 8
684 685 4
685 686 5
686 687 7
687 688 1
688 689 5
689 690 1
690 691 6
691 692 9
692 693 4
693 694 2
694 695 7
695 696 2
696 697 9
697 698 5
698 699 10
699 700 6
700 701 8
701 702 7
702 703 8
703 704 6
704 705 10
705 706 2
706 707 10
707 708 7
708 709 8
709 710 10
710 711 6
711 712 5
712 713 1
713 714 6
714 715 5
715 716 2
716 717 7
717 718 4
718 719 4
719 720 9
720 721 2
721 722 3
722 723 10
723 724 10
724 725 1
725 726 8
726 727 9
727 728 2
728 729 7
729 730 4
730 731 1
731 732 1
732 733 7
733 734 2
734 735 10
735 736 2
736 737 4
737 738 7
738 739 9
739 740 8
740 741 2
741 742 3
742 743 4
743 744 10
744 745 5
745 746 5
746 747 8
747 748 3
748 749 7
749 750 1
750 751 1
751 752 3
752 753 9
753 754 6
754 755 4
755 756 9
756 757 1
757 758 4
758 759 9
759 760 5
760 761 10
761 762 6
762 763 4
763 764 3
764 765 9
765 766 3
766 767 8
767 768 9
768 769 7
769 770 10
770 771 7
771 772 9
772 773 4
773 774 5
774 775 4
775 776 2
776 777 10
777 778 10
778 779 9
779 780 4
780 781 1
781 782 1
782 783 10
783 784 7
784 785 8
785 786 2
786 787 9
787 788 8
788 789 10
789 790 5
790 791 7
791 792 8
792 793 1
793 794 2
794 795 10
795 796 2
796 797 8
797 798 1
798 799 3
799 800 8
800 801 8
801 802 4
802 803 9
803 804 9
804 805 1
805 806 3
806 807 1
807 808 8
808 809 3
809 810 5
810 811 5
811 812 4
812 813 2
813 814 5
814 815 4
815 816 8
816 817 8
817 818 7
818 819 3
819 820 2
820 821 5
821 822 5
822 823 6
823 824 9
824 825 5
825 826 3
826 827 8
827 828 5
828 829 6
829 830 3
830 831 2
831 832 7
832 833 7
833 834 7
834 835 8
835 836 7
836 837 8
837 838 6
838 839 5
839 840 4
840 841 9
841 842 5
842 843 5
843 844 4
844 845 10
845 846 8
846 847 5
847 848 9
848 849 10
849 850 2
850 851 8
851 852 2
852 853 5
853 854 3
854 855 2
855 856 1
856 857 5
857 858 4
858 859 9
859 860 3
860 861 3
861 862 6
862 863 3
863 864 6
864 865 6
865 866 9
866 867 7
867 868 4
868 869 10
869 870 2
870 871 1
871 872 6
872 873 7
873 874 4
874 875 3
875 876 2
876 877 6
877 878 8
878 879 8
879 880 6
880 881 4
881 882 9
882 883 9
883 884 7
884 885 5
885 886 5
886 887 2
887 888 4
888 889 9
889 890 6
890 891 1
891 892 1
892 893 1
893 894 1
894 895 1
895 896 5
896 897 2
897 898 1
898 899 8
899 900 8
900 901 6
901 902 8
902 903 3
903 904 10
904 905 8
905 906 4
906 907 5
907 908 9
908 909 7
909 910 6
910 911 8
911 912 8
912 913 6
913 914 3
914 915 4
915 916 1
916 917 5
917 918 2
918 919 4
919 920 8
920 921 6
921 922 2
922 923 6
923 924 3
924 925 7
925 926 4
926 927 6
927 928 2
928 929 6
929 930 10
930 931 9
931 932 4
932 933 7
933 934 10
934 935 5
935 936 2
936 937 3
937 938 10
938 939 9
939 940 7
940 941 2
941 942 3
942 943 10
943 944 4
944 945 10
945 946 3
946 947 9
947 948 8
948 949 5
949 950 8
950 951 9
951 952 9
952 953 10
953 954 8
954 955 10
955 956 4
956 957 10
957 958 9
958 959 10
959 960 3
960 961 7
961 962 6
962 963 3
963 964 2
964 965 9
965 966 2
966 967 10
967 968 3
968 969 4
969 970 8
970 971 8
971 972 3
972 973 9
973 974 10
974 975 1
975 976 1
976 977 5
977 978 3
978 979 2
979 980 5
980 981 4
981 982 3
982 983 8
983 984 6
984 985 6
985 986 10
986 987 9
987 988 8
988 989 10
989 990 4
990 991 2
991 992 2
992 993 2
993 994 9
994 995 6
995 996 4
996 997 1
997 998 5
998 999 1
999 1000 4
1000 1001 8
1001 1002 4
1002 1003 8
1003 1004 8
1004 1005 3
1005 1006 5
1006 1007 3
1007 1008 10
1008 1009 2
1009 1010 10
1010 1011 4
1011 1012 3
1012 1013 9
1013 1014 5
1014 1015 7
1015 1016 1
1016 1017 9
1017 1018 6
1018 1019 9
1019 1020 9
1020 1021 5
1021 1022 10
1022 1023 8
1023 1024 6
1024 1025 6
1025 1026 2
1026 1027 1
1027 1028 10
1028 1029 2
1029 1030 5
1030 1031 3
1031 1032 3
1032 1033 1
1033 1034 1
1034 1035 5
1035 1036 9
1036 1037 2
1037 1038 4
1038 1039 5
1039 1040 6
1040 1041 8
1041 1042 8
1042 1043 5
1043 1044 3
1044 1045 6
1045 1046 8
1046 1047 7
1047 1048 3
1048 1049 4
1049 1050 10
1050 1051 9
1051 1052 6
1052 1053 5
1053 1054 3
1054 1055 10
1055 1056 5
1056 1057 9
1057 1058 1
1058 1059 1
1059 1060 8
1060 1061 3
1061 1062 2
1062 1063 1
1063 1064 6
1064 1065 3
1065 1066 3
1066 1067 2
1067 1068 8
1068 1069 6
1069 1070 7
1070 1071 3
1071 1072 10
1072 1073 2
1073 1074 7
1074 1075 7
1075 1076 4
1076 1077 4
1077 1078 6
1078 1079 8
1079 1080 6
1080 1081 5
1081 1082 3
1082 1083 6
1083 1084 1
1084 1085 3
1085 1086 1
1086 1087 4
1087 1088 8
1088 1089 2
1089 1090 8
1090 1091 4
1091 1092 1
1092 1093 9
1093 1094 9
1094 1095 4
1095 1096 3
1096 1097 4
1097 1098 2
1098 1099 10
1099 1100 1
1100 1101 10
1101 1102 8
1102 1103 3
1103 1104 6
1104 1105 6
1105 1106 5
1106 1107 2
1107 1108 8
1108 1109 7
1109 1110 1
1110 1111 3
1111 1112 8
1112 1113 7
1113 1114 5
1114 1115 8
1115 1116 2
1116 1117 1
1117 1118 5
1118 1119 3
1119 1120 3
1120 1121 5
1121 1122 8
1122 1123 9
1123 1124 1
1124 1125 7
1125 1126 10
1126 1127 6
1127 1128 9
1128 1129 5
1129 1130 5
1130 1131 6
1131 1132 3
1132 1133 4
1133 1134 2
1134 1135 8
1135 1136 3
1136 1137 5
1137 1138 2
1138 1139 5
1139 1140 10
1140 1141 10
1141 1142 4
1142 1143 4
1143 1144 3
1144 1145 3
1145 1146 7
1146 1147 1
1147 1148 5
1148 1149 5
1149 1150 7
1150 1151 2
1151 1152 10
1152 1153 8
1153 1154 2
1154 1155 8
1155 1156 10
1156 1157 3
1157 1158 8
1158 1159 6
1159 1160 10
1160 1161 3
1161 1162 9
1162 1163 4
1163 1164 4
1164 1165 5
1165 1166 8
1166 1167 5
1167 1168 4
1168 1169 6
1169 1170 3
1170 1171 5
1171 1172 9
1172 1173 7
1173 1174 2
1174 1175 9
1175 1176 1
1176 1177 7
1177 1178 7
1178 1179 9
1179 1180 9
1180 1181 5
1181 1182 3
1182 1183 9
1183 1184 10
1184 1185 2
1185 1186 7
1186 1187 7
1187 1188 10
1188 1189 4
1189 1190 3
1190 1191 2
1191 1192 1
1192 1193 3
1193 1194 5
1194 1195 3
1195 1196 1
1196 1197 6
1197 1198 9
1198 1199 4
1199 1200 6
1200 1201 6
1201 1202 1
1202 1203 8
1203 1204 3
1204 1205 3
1205 1206 10
1206 1207 4
1207 1208 9
1208 1209 3
1209 1210 4
1210 1211 6
1211 1212 4
1212 1213 2
1213 1214 6
1214 1215 1
1215 1216 9
1216 1217 5
1217 1218 2
1218 1219 1
1219 1220 9
1220 1221 9
1221 1222 8
1222 1223 6
1223 1224 1
1224 1225 8
1225 1226 7
1226 1227 7
1227 1228 6
1228 1229 4
1229 1230 4
1230 1231 1
1231 1232 9
1232 1233 10
1233 1234 8
1234 1235 8
1235 1236 6
1236 1237 10
1237 1238 8
1238 1239 9
1239 1240 7
1240 1241 7
1241 1242 1
1242 1243 5
1243 1244 4
1244 1245 5
1245 1246 4
1246 1247 5
1247 1248 1
1248 1249 1
1249 1250 2
1250 1251 3
1251 1252 8
1252 1253 7
1253 1254 10
1254 1255 8
1255 1256 4
1256 1257 7
1257 1258 8
1258 1259 2
1259 1260 3
1260 1261 7
1261 1262 10
1262 1263 6
1263 1264 9
1264 1265 6
1265 1266 10
1266 1267 3
1267 1268 6
1268 1269 6
1269 1270 5
1270 1271 3
1271 1272 3
1272 1273 2
1273 1274 7
1274 1275 2
1275 1276 9
1276 1277 8
1277 1278 1
1278 1279 5
1279 1280 1
1280 1281 5
1281 1282 5
1282 1283 8
1283 1284 1
1284 1285 10
1285 1286 4
1286 1287 1
1287 1288 6
1288 1289 2
1289 1290 9
1290 1291 9
1291 1292 6
1292 1293 10
1293 1294 9
1294 1295 3
1295 1296 6
1296 1297 3
1297 1298 8
1298 1299 8
1299 1300 5
1300 1301 5
1301 1302 8
1302 1303 5
1303 1304 8
1304 1305 8
1305 1306 2
1306 1307 1
1307 1308 4
1308 1309 1
1309 1310 3
1310 1311 3
1311 1312 3
1312 1313 2
1313 1314 6
1314 1315 6
1315 1316 10
1316 1317 7
1317 1318 3
1318 1319 9
1319 1320 6
1320 1321 2
1321 1322 1
1322 1323 3
1323 1324 4
1324 1325 8
1325 1326 3
1326 1327 7
1327 1328 3
1328 1329 5
1329 1330 3
1330 1331 7
1331 1332 9
1332 1333 4
1333 1334 2
1334 1335 9
1335 1336 5
1336 1337 6
1337 1338 6
1338 1339 6
1339 1340 9
1340 1341 8
1341 1342 2
1342 1343 9
1343 1344 2
1344 1345 6
1345 1346 8
1346 1347 5
1347 1348 2
1348 1349 1
1349 1350 4
1350 1351 9
1351 1352 1
1352 1353 5
1353 1354 4
1354 1355 2
1355 1356 8
1356 1357 5
1357 1358 2
1358 1359 7
1359 1360 5
1360 1361 6
1361 1362 3
1362 1363 8
1363 1364 7
1364 1365 7
1365 1366 1
1366 1367 5
1367 1368 7
1368 1369 7
1369 1370 5
1370 1371 10
1371 1372 5
1372 1373 7
1373 1374 9
1374 1375 8
1375 1376 5
1376 1377 9
1377 1378 7
1378 1379 9
1379 1380 9
1380 1381 2
1381 1382 8
1382 1383 4
1383 1384 7
1384 1385 9
1385 1386 9
1386 1387 1
1387 1388 6
1388 1389 8
1389 1390 5
1390 1391 1
1391 1392 7
1392 1393 4
1393 1394 1
1394 1395 6
1395 1396 1
1396 1397 7
1397 1398 1
1398 1399 6
1399 1400 9
1400 1401 3
1401 1402 9
1402 1403 7
1403 1404 3
1404 1405 3
1405 1406 10
1406 1407 9
1407 1408 8
1408 1409 1
1409 1410 7
1410 1411 8
1411 1412 8
1412 1413 7
1413 1414 7
1414 1415 4
1415 1416 9
1416 1417 10
1417 1418 6
1418 1419 8
1419 1420 3
1420 1421 9
1421 1422 1
1422 1423 3
1423 1424 3
1424 1425 3
1425 1426 5
1426 1427 5
1427 1428 5
1428 1429 7
1429 1430 6
1430 1431 2
1431 1432 3
1432 1433 4
1433 1434 7
1434 1435 7
1435 1436 8
1436 1437 5
1437 1438 10
1438 1439 2
1439 1440 7
1440 1441 10
1441 1442 10
1442 1443 2
1443 1444 9
1444 1445 10
1445 1446 6
1446 1447 3
1447 1448 10
1448 1449 9
1449 1450 2
1450 1451 6
1451 1452 2
1452 1453 5
1453 1454 9
1454 1455 4
1455 1456 3
1456 1457 1
1457 1458 2
1458 1459 9
1459 1460 9
1460 1461 3
1461 1462 10
1462 1463 9
1463 1464 2
1464 1465 6
1465 1466 5
1466 1467 9
1467 1468 1
1468 1469 10
1469 1470 1
1470 1471 10
1471 1472 8
1472 1473 4
1473 1474 9
1474 1475 8
1475 1476 3
1476 1477 10
1477 1478 6
1478 1479 6
1479 1480 9
1480 1481 4
1481 1482 6
1482 1483 2
1483 1484 9
1484 1485 8
1485 1486 8
1486 1487 9
1487 1488 10
1488 1489 8
1489 1490 3
1490 1491 8
1491 1492 5
1492 1493 1
1493 1494 4
1494 1495 8
1495 1496 8
1496 1497 1
1497 1498 7
1498 1499 6
1499 1500 2
1500 1501 7
1501 1502 9
1502 1503 9
1503 1504 7
1504 1505 1
1505 1506 10
1506 1507 5
1507 1508 6
1508 1509 2
1509 1510 8
1510 1511 2
1511 1512 1
1512 1513 10
1513 1514 4
1514 1515 7
1515 1516 4
1516 1517 2
1517 1518 6
1518 1519 7
1519 1520 3
1520 1521 4
1521 1522 5
1522 1523 6
1523 1524 5
1524 1525 7
1525 1526 9
1526 1527 3
1527 1528 9
1528 1529 6
1529 1530 6
1530 1531 4
1531 1532 6
1532 1533 6
1533 1534 7
1534 1535 3
1535 1536 1
1536 1537 7
1537 1538 6
1538 1539 6
1539 1540 8
1540 1541 4
1541 1542 4
1542 1543 9
1543 1544 8
1544 1545 2
1545 1546 4
1546 1547 2
1547 1548 3
1548 1549 2
1549 1550 9
1550 1551 9
1551 1552 10
1552 1553 6
1553 1554 5
1554 1555 8
1555 1556 1
1556 1557 3
1557 1558 4
1558 1559 1
1559 1560 5
1560 1561 7
1561 1562 8
1562 1563 7
1563 1564 4
1564 1565 9
1565 1566 2
1566 1567 8
1567 1568 1
1568 1569 6
1569 1570 7
1570 1571 4
1571 1572 1
1572 1573 6
1573 1574 1
1574 1575 8
1575 1576 2
1576 1577 10
1577 1578 9
1578 1579 1
1579 1580 10
1580 1581 7
1581 1582 7
1582 1583 9
1583 1584 9
1584 1585 5
1585 1586 3
1586 1587 4
1587 1588 4
1588 1589 9
1589 1590 2
1590 1591 9
1591 1592 2
1592 1593 4
1593 1594 8
1594 1595 6
1595 1596 1
1596 1597 6
1597 1598 9
1598 1599 1
1599 1600 8
1600 1601 10
1601 1602 5
1602 1603 5
1603 1604 8
1604 1605 2
1605 1606 6
1606 1607 10
1607 1608 9
1608 1609 10
1609 1610 5
1610 1611 5
1611 1612 7
1612 1613 8
1613 1614 1
1614 1615 9
1615 1616 3
1616 1617 6
1617 1618 4
1618 1619 5
1619 1620 8
1620 1621 2
1621 1622 4
1622 1623 6
1623 1624 7
1624 1625 2
1625 1626 8
1626 1627 10
1627 1628 4
1628 1629 1
1629 1630 3
1630 1631 2
1631 1632 8
1632 1633 3
1633 1634 1
1634 1635 2
1635 1636 5
1636 1637 4
1637 1638 8
1638 1639 5
1639 1640 3
1640 1641 2
1641 1642 5
1642 1643 10
1643 1644 2
1644 1645 4
1645 1646 1
1646 1647 6
1647 1648 8
1648 1649 6
1649 1650 6
1650 1651 3
1651 1652 5
1652 1653 3
1653 1654 3
1654 1655 1
1655 1656 4
1656 1657 9
1657 1658 5
1658 1659 2
1659 1660 7
1660 1661 9
1661 1662 6
1662 1663 8
1663 1664 10
1664 1665 9
1665 1666 6
1666 1667 4
1667 1668 9
1668 1669 10
1669 1670 1
1670 1671 1
1671 1672 7
1672 1673 9
1673 1674 4
1674 1675 8
1675 1676 8
1676 1677 4
1677 1678 2
1678 1679 6
1679 1680 8
1680 1681 5
1681 1682 4
1682 1683 5
1683 1684 5
1684 1685 3
1685 1686 4
1686 1687 9
1687 1688 10
1688 1689 10
1689 1690 1
1690 1691 4
1691 1692 2
1692 1693 9
1693 1694 10
1694 1695 8
1695 1696 10
1696 1697 3
1697 1698 9
1698 1699 6
1699 1700 1
1700 1701 3
1701 1702 4
1702 1703 9
1703 1704 9
1704 1705 2
1705 1706 5
1706 1707 3
1707 1708 5
1708 1709 4
1709 1710 2
1710 1711 3
1711 1712 3
1712 1713 7
1713 1714 6
1714 1715 4
1715 1716 8
1716 1717 8
1717 1718 4
1718 1719 4
1719 1720 6
1720 1721 4
1721 1722 5
1722 1723 10
1723 1724 6
1724 1725 1
1725 1726 1
1726 1727 4
1727 1728 5
1728 1729 1
1729 1730 9
1730 1731 4
1731 1732 7
1732 1733 6
1733 1734 5
1734 1735 2
1735 1736 10
1736 1737 6
1737 1738 10
1738 1739 3
1739 1740 9
1740 1741 4
1741 1742 6
1742 1743 2
1743 1744 2
1744 1745 2
1745 1746 1
1746 1747 8
1747 1748 4
1748 1749 9
1749 1750 2
1750 1751 6
1751 1752 1
1752 1753 1
1753 1754 4
1754 1755 7
1755 1756 10
1756 1757 8
1757 1758 6
1758 1759 1
1759 1760 2
1760 1761 9
1761 1762 9
1762 1763 9
1763 1764 7
1764 1765 5
1765 1766 4
1766 1767 8
1767 1768 6
1768 1769 6
1769 1770 7
1770 1771 2
1771 1772 4
1772 1773 1
1773 1774 7
1774 1775 7
1775 1776 9
1776 1777 10
1777 1778 3
1778 1779 8
1779 1780 7
1780 1781 9
1781 1782 5
1782 1783 2
1783 1784 3
1784 1785 4
1785 1786 2
1786 1787 5
1787 1788 8
1788 1789 10
1789 1790 4
1790 1791 3
1791 1792 8
1792 1793 6
1793 1794 7
1794 1795 2
1795 1796 5
1796 1797 6
1797 1798 6
1798 1799 4
1799 1800 7
1800 1801 8
1801 1802 9
1802 1803 7
1803 1804 8
1804 1805 7
1805 1806 7
1806 1807 2
1807 1808 3
1808 1809 8
1809 1810 7
1810 1811 1
1811 1812 10
1812 1813 3
1813 1814 9
1814 1815 2
1815 1816 4
1816 1817 10
1817 1818 1
1818 1819 2
1819 1820 5
1820 1821 7
1821 1822 1
1822 1823 2
1823 1824 1
1824 1825 5
1825 1826 2
1826 1827 4
1827 1828 4
1828 1829 7
1829 1830 8
1830 1831 9
1831 1832 2
1832 1833 1
1833 1834 10
1834 1835 6
1835 1836 10
1836 1837 1
1837 1838 2
1838 1839 7
1839 1840 5
1840 1841 6
1841 1842 10
1842 1843 2
1843 1844 10
1844 1845 4
1845 1846 5
1846 1847 3
1847 1848 9
1848 1849 9
1849 1850 2
1850 1851 1
1851 1852 10
1852 1853 2
1853 1854 2
1854 1855 7
1855 1856 6
1856 1857 7
1857 1858 5
1858 1859 10
1859 1860 10
1860 1861 1
1861 1862 10
1862 1863 1
1863 1864 5
1864 1865 10
1865 1866 6
1866 1867 4
1867 1868 3
1868 1869 7
1869 1870 10
1870 1871 7
1871 1872 8
1872 1873 2
1873 1874 8
1874 1875 1
1875 1876 2
1876 1877 4
1877 1878 9
1878 1879 7
1879 1880 10
1880 1881 9
1881 1882 10
1882 1883 1
1883 1884 2
1884 1885 4
1885 1886 7
1886 1887 3
1887 1888 7
1888 1889 10
1889 1890 5
1890 1891 1
1891 1892 2
1892 1893 8
1893 1894 1
1894 1895 3
1895 1896 5
1896 1897 10
1897 1898 1
1898 1899 4
1899 1900 8
1900 1901 7
1901 1902 2
1902 1903 5
1903 1904 5
1904 1905 4
1905 1906 5
1906 1907 2
1907 1908 6
1908 1909 5
1909 1910 1
1910 1911 9
1911 1912 6
1912 1913 4
1913 1914 9
1914 1915 1
1915 1916 9
1916 1917 7
1917 1918 5
1918 1919 6
1919 1920 3
1920 1921 4
1921 1922 8
1922 1923 5
1923 1924 1
1924 1925 9
1925 1926 10
1926 1927 6
1927 1928 6
1928 1929 2
1929 1930 9
1930 1931 6
1931 1932 7
1932 1933 4
1933 1934 6
1934 1935 5
1935 1936 10
1936 1937 8
1937 1938 7
1938 1939 1
1939 1940 9
1940 1941 1
1941 1942 3
1942 1943 4
1943 1944 7
1944 1945 8
1945 1946 9
1946 1947 2
1947 1948 8
1948 1949 5
1949 1950 5
1950 1951 6
1951 1952 5
1952 1953 4
1953 1954 8
1954 1955 2
1955 1956 8
1956 1957 1
1957 1958 8
1958 1959 9
1959 1960 1
1960 1961 1
1961 1962 2
1962 1963 6
1963 1964 1
1964 1965 10
1965 1966 2
1966 1967 6
1967 1968 10
1968 1969 9
1969 1970 7
1970 1971 9
1971 1972 1
1972 1973 6
1973 1974 1
1974 1975 9
1975 1976 5
1976 1977 8
1977 1978 5
1978 1979 9
1979 1980 1
1980 1981 4
1981 1982 8
1982 1983 2
1983 1984 7
1984 1985 3
1985 1986 1
1986 1987 10
1987 1988 1
1988 1989 2
1989 1990 4
1990 1991 1
1991 1992 5
1992 1993 4
1993 1994 4
1994 1995 6
1995 1996 8
1996 1997 10
1997 1998 4
1998 1999 2
1999 2000 5
2000 2001 4
2001 2002 2
2002 2003 1
2003 2004 4
2004 2005 7
2005 2006 7
2006 2007 6
2007 2008 5
2008 2009 5
2009 2010 9
2010 2011 8
2011 2012 8
2012 2013 10
2013 2014 7
2014 2015 3
2015 2016 9
2016 2017 1
2017 2018 8
2018 2019 4
2019 2020 9
2020 2021 4
2021 2022 8
2022 2023 6
2023 2024 5
2024 2025 2
2025 2026 8
2026 2027 1
2027 2028 5
2028 2029 10
2029 2030 4
2030 2031 3
2031 2032 4
2032 2033 10
2033 2034 4
2034 2035 8
2035 2036 6
2036 2037 5
2037 2038 9
2038 2039 7
2039 2040 8
2040 2041 5
2041 2042 1
2042 2043 3
2043 2044 4
2044 2045 1
2045 2046 9
2046 2047 10
2047 2048 10
2048 2049 8
2049 2050 3
2050 2051 10
2051 2052 3
2052 2053 6
2053 2054 2
2054 2055 6
2055 2056 2
2056 2057 2
2057 2058 2
2058 2059 1
2059 2060 9
2060 2061 6
2061 2062 10
2062 2063 10
2063 2064 1
2064 2065 1
2065 2066 4
2066 2067 10
2067 2068 3
2068 2069 5
2069 2070 3
2070 2071 1
2071 2072 3
2072 2073 9
2073 2074 6
2074 2075 5
2075 2076 9
2076 2077 5
2077 2078 9
2078 2079 6
2079 2080 1
2080 2081 3
2081 2082 2
2082 2083 9
2083 2084 6
2084 2085 4
2085 2086 7
2086 2087 3
2087 2088 6
2088 2089 4
2089 2090 1
2090 2091 3
2091 2092 10
2092 2093 2
2093 2094 1
2094 2095 4
2095 2096 9
2096 2097 8
2097 2098 2
2098 2099 1
2099 2100 4
2100 2101 3
2101 2102 9
2102 2103 7
2103 2104 10
2104 2105 5
2105 2106 2
2106 2107 8
2107 2108 10
2108 2109 9
2109 2110 4
2110 2111 5
2111 2112 8
2112 2113 7
2113 2114 7
2114 2115 5
2115 2116 6
2116 2117 5
2117 2118 7
2118 2119 10
2119 2120 3
2120 2121 5
2121 2122 2
2122 2123 10
2123 2124 5
2124 2125 10
2125 2126 3
2126 2127 9
2127 2128 6
2128 2129 3
2129 2130 7
2130 2131 2
2131 2132 10
2132 2133 6
2133 2134 4
2134 2135 1
2135 2136 2
2136 2137 6
2137 2138 1
2138 2139 3
2139 2140 9
2140 2141 4
2141 2142 4
2142 2143 5
2143 2144 9
2144 2145 3
2145 2146 1
2146 2147 5
2147 2148 2
2148 2149 8
2149 2150 8
2150 2151 3
2151 2152 2
2152 2153 8
2153 2154 7
2154 2155 8
2155 2156 3
2156 2157 6
2157 2158 8
2158 2159 10
2159 2160 1
2160 2161 6
2161 2162 3
2162 2163 6
2163 2164 1
2164 2165 7
2165 2166 9
2166 2167 7
2167 2168 4
2168 2169 1
2169 2170 8
2170 2171 1
2171 2172 4
2172 2173 1
2173 2174 2
2174 2175 7
2175 2176 8
2176 2177 2
2177 2178 7
2178 2179 6
2179 2180 4
2180 2181 2
2181 2182 10
2182 2183 8
2183 2184 4
2184 2185 9
2185 2186 9
2186 2187 10
2187 2188 2
2188 2189 9
2189 2190 9
2190 2191 9
2191 2192 10
2192 2193 2
2193 2194 3
2194 2195 5
2195 2196 3
2196 2197 10
2197 2198 5
2198 2199 7
2199 2200 9
2200 2201 10
2201 2202 1
2202 2203 4
2203 2204 9
2204 2205 4
2205 2206 7
2206 2207 9
2207 2208 7
2208 2209 8
2209 2210 4
2210 2211 10
2211 2212 1
2212 2213 5
2213 2214 3
2214 2215 2
2215 2216 2
2216 2217 1
2217 2218 9
2218 2219 5
2219 2220 5
2220 2221 9
2221 2222 6
2222 2223 7
2223 2224 3
2224 2225 7
2225 2226 6
2226 2227 1
2227 2228 1
2228 2229 7
2229 2230 2
2230 2231 5
2231 2232 7
2232 2233 7
2233 2234 7
2234 2235 6
2235 2236 6
2236 2237 5
2237 2238 5
2238 2239 2
2239 2240 8
2240 2241 1
2241 2242 8
2242 2243 7
2243 2244 4
2244 2245 3
2245 2246 8
2246 2247 7
2247 2248 8
2248 2249 10
2249 2250 9
2250 2251 7
2251 2252 1
2252 2253 10
2253 2254 5
2254 2255 6
2255 2256 3
2256 2257 7
2257 2258 10
2258 2259 6
2259 2260 8
2260 2261 4
2261 2262 2
2262 2263 2
2263 2264 6
2264 2265 3
2265 2266 1
2266 2267 10
2267 2268 10
2268 2269 5
2269 2270 10
2270 2271 9
2271 2272 9
2272 2273 6
2273 2274 8
2274 2275 6
2275 2276 9
2276 2277 5
2277 2278 2
2278 2279 7
2279 2280 4
2280 2281 9
2281 2282 6
2282 2283 7
2283 2284 1
2284 2285 3
2285 2286 6
2286 2287 10
2287 2288 3
2288 2289 7
2289 2290 1
2290 2291 1
2291 2292 7
2292 2293 1
2293 2294 7
2294 2295 3
2295 2296 2
2296 2297 9
2297 2298 9
2298 2299 5
2299 2300 10
2300 2301 6
2301 2302 2
2302 2303 3
2303 2304 7
2304 2305 7
2305 2306 4
2306 2307 2
2307 2308 5
2308 2309 10
2309 2310 8
2310 2311 9
2311 2312 5
2312 2313 1
2313 2314 8
2314 2315 3
2315 2316 4
2316 2317 3
2317 2318 8
2318 2319 5
2319 2320 9
2320 2321 9
2321 2322 5
2322 2323 2
2323 2324 6
2324 2325 7
2325 2326 10
2326 2327 8
2327 2328 9
2328 2329 2
2329 2330 9
2330 2331 9
2331 2332 1
2332 2333 6
2333 2334 5
2334 2335 8
2335 2336 3
2336 2337 10
2337 2338 10
2338 2339 6
2339 2340 2
2340 2341 3
2341 2342 7
2342 2343 9
2343 2344 5
2344 2345 4
2345 2346 8
2346 2347 9
2347 2348 9
2348 2349 6
2349 2350 2
2350 2351 8
2351 2352 5
2352 2353 9
2353 2354 6
2354 2355 9
2355 2356 8
2356 2357 6
2357 2358 2
2358 2359 1
2359 2360 1
2360 2361 2
2361 2362 3
2362 2363 3
2363 2364 7
2364 2365 4
2365 2366 4
2366 2367 1
2367 2368 3
2368 2369 1
2369 2370 4
2370 2371 6
2371 2372 10
2372 2373 9
2373 2374 4
2374 2375 6
2375 2376 6
2376 2377 1
2377 2378 4
2378 2379 6
2379 2380 9
2380 2381 1
2381 2382 10
2382 2383 7
2383 2384 1
2384 2385 1
2385 2386 6
2386 2387 9
2387 2388 3
2388 2389 2
2389 2390 1
2390 2391 9
2391 2392 5
2392 2393 10
2393 2394 1
2394 2395 3
2395 2396 2
2396 2397 7
2397 2398 5
2398 2399 2
2399 2400 7
2400 2401 2
2401 2402 7
2402 2403 4
2403 2404 5
2404 2405 2
2405 2406 9
2406 2407 5
2407 2408 4
2408 2409 7
2409 2410 5
2410 2411 1
2411 2412 9
2412 2413 4
2413 2414 4
2414 2415 7
2415 2416 2
2416 2417 2
2417 2418 8
2418 2419 4
2419 2420 1
2420 2421 10
2421 2422 2
2422 2423 6
2423 2424 8
2424 2425 5
2425 2426 10
2426 2427 10
2427 2428 9
2428 2429 10
2429 2430 8
2430 2431 1
2431 2432 2
2432 2433 2
2433 2434 7
2434 2435 9
2435 2436 7
2436 2437 10
2437 2438 1
2438 2439 9
2439 2440 7
2440 2441 2
2441 2442 7
2442 2443 6
2443 2444 9
2444 2445 1
2445 2446 9
2446 2447 10
2447 2448 2
2448 2449 8
2449 2450 9
2450 2451 9
2451 2452 9
2452 2453 10
2453 2454 9
2454 2455 4
2455 2456 1
2456 2457 8
2457 2458 3
2458 2459 6
2459 2460 9
2460 2461 6
2461 2462 6
2462 2463 7
2463 2464 2
2464 2465 7
2465 2466 6
2466 2467 7
2467 2468 3
2468 2469 1
2469 2470 2
2470 2471 8
2471 2472 5
2472 2473 6
2473 2474 2
2474 2475 1
2475 2476 8
2476 2477 7
2477 2478 10
2478 2479 3
2479 2480 5
2480 2481 4
2481 2482 2
2482 2483 6
2483 2484 7
2484 2485 2
2485 2486 9
2486 2487 5
2487 2488 1
2488 2489 2
2489 2490 10
2490 2491 8
2491 2492 3
2492 2493 10
2493 2494 5
2494 2495 2
2495 2496 8
2496 2497 4
2497 2498 9
2498 2499 4
2499 2500 7
2500 2501 10
2501 2502 3
2502 2503 8
2503 2504 9
2504 2505 2
2505 2506 7
2506 2507 1
2507 2508 1
2508 2509 6
2509 2510 9
2510 2511 6
2511 2512 5
2512 2513 10
2513 2514 8
2514 2515 2
2515 2516 10
2516 2517 5
2517 2518 8
2518 2519 2
2519 2520 10
2520 2521 2
2521 2522 1
2522 2523 5
2523 2524 10
2524 2525 1
2525 2526 5
2526 2527 2
2527 2528 2
2528 2529 5
2529 2530 10
2530 2531 5
2531 2532 2
2532 2533 10
2533 2534 3
2534 2535 3
2535 2536 8
2536 2537 10
2537 2538 5
2538 2539 8
2539 2540 9
2540 2541 5
2541 2542 8
2542 2543 2
2543 2544 7
2544 2545 8
2545 2546 2
2546 2547 10
2547 2548 1
2548 2549 6
2549 2550 10
2550 2551 9
2551 2552 7
2552 2553 7
2553 2554 6
2554 2555 10
2555 2556 10
2556 2557 5
2557 2558 7
2558 2559 1
2559 2560 3
2560 2561 6
2561 2562 4
2562 2563 5
2563 2564 4
2564 2565 10
2565 2566 5
2566 2567 4
2567 2568 9
2568 2569 9
2569 2570 6
2570 2571 7
2571 2572 9
2572 2573 10
2573 2574 5
2574 2575 8
2575 2576 3
2576 2577 3
2577 2578 8
2578 2579 7
2579 2580 10
2580 2581 7
2581 2582 2
2582 2583 8
2583 2584 2
2584 2585 7
2585 2586 1
2586 2587 5
2587 2588 10
2588 2589 6
2589 2590 6
2590 2591 4
2591 2592 1
2592 2593 7
2593 2594 8
2594 2595 9
2595 2596 3
2596 2597 8
2597 2598 7
2598 2599 6
2599 2600 3
2600 2601 4
2601 2602 8
2602 2603 3
2603 2604 10
2604 2605 10
2605 2606 10
2606 2607 10
2607 2608 7
2608 2609 8
2609 2610 9
2610 2611 2
2611 2612 9
2612 2613 7
2613 2614 7
2614 2615 4
2615 2616 1
2616 2617 7
2617 2618 4
2618 2619 4
2619 2620 9
2620 2621 4
2621 2622 9
2622 2623 10
2623 2624 7
2624 2625 6
2625 2626 10
2626 2627 7
2627 2628 3
2628 2629 9
2629 2630 3
2630 2631 6
2631 2632 2
2632 2633 2
2633 2634 5
2634 2635 2
2635 2636 7
2636 2637 6
2637 2638 3
2638 2639 10
2639 2640 5
2640 2641 4
2641 2642 1
2642 2643 7
2643 2644 6
2644 2645 7
2645 2646 10
2646 2647 2
2647 2648 7
2648 2649 10
2649 2650 1
2650 2651 8
2651 2652 6
2652 2653 4
2653 2654 5
2654 2655 8
2655 2656 5
2656 2657 6
2657 2658 1
2658 2659 10
2659 2660 6
2660 2661 5
2661 2662 6
2662 2663 8
2663 2664 1
2664 2665 5
2665 2666 9
2666 2667 8
2667 2668 7
2668 2669 8
2669 2670 7
2670 2671 7
2671 2672 9
2672 2673 2
2673 2674 6
2674 2675 1
2675 2676 4
2676 2677 3
2677 2678 7
2678 2679 10
2679 2680 10
2680 2681 2
2681 2682 4
2682 2683 3
2683 2684 10
2684 2685 7
2685 2686 10
2686 2687 6
2687 2688 6
2688 2689 8
2689 2690 5
2690 2691 9
2691 2692 10
2692 2693 8
2693 2694 9
2694 2695 6
2695 2696 6
2696 2697 4
2697 2698 6
2698 2699 2
2699 2700 7
2700 2701 8
2701 2702 10
2702 2703 4
2703 2704 9
2704 2705 1
2705 2706 5
2706 2707 9
2707 2708 4
2708 2709 5
2709 2710 8
2710 2711 6
2711 2712 10
2712 2713 2
2713 2714 2
2714 2715 5
2715 2716 9
2716 2717 8
2717 2718 8
2718 2719 6
2719 2720 10
2720 2721 8
2721 2722 5
2722 2723 4
2723 2724 1
2724 2725 9
2725 2726 5
2726 2727 10
2727 2728 4
2728 2729 3
2729 2730 7
2730 2731 10
2731 2732 5
2732 2733 4
2733 2734 7
2734 2735 3
2735 2736 4
2736 2737 4
2737 2738 8
2738 2739 8
2739 2740 5
2740 2741 8
2741 2742 3
2742 2743 7
2743 2744 5
2744 2745 4
2745 2746 10
2746 2747 9
2747 2748 9
2748 2749 9
2749 2750 5
2750 2751 4
2751 2752 1
2752 2753 5
2753 2754 10
2754 2755 7
2755 2756 10
2756 2757 10
2757 2758 4
2758 2759 8
2759 2760 4
2760 2761 10
2761 2762 1
2762 2763 1
2763 2764 3
2764 2765 10
2765 2766 8
2766 2767 5
2767 2768 4
2768 2769 2
2769 2770 5
2770 2771 8
2771 2772 3
2772 2773 4
2773 2774 7
2774 2775 9
2775 2776 2
2776 2777 7
2777 2778 1
2778 2779 7
2779 2780 6
2780 2781 6
2781 2782 3
2782 2783 3
2783 2784 8
2784 2785 6
2785 2786 9
2786 2787 6
2787 2788 5
2788 2789 5
2789 2790 8
2790 2791 3
2791 2792 2
2792 2793 2
2793 2794 4
2794 2795 6
2795 2796 4
2796 2797 6
2797 2798 7
2798 2799 8
2799 2800 1
2800 2801 1
2801 2802 9
2802 2803 10
2803 2804 4
2804 2805 3
2805 2806 5
2806 2807 4
2807 2808 2
2808 2809 7
2809 2810 3
2810 2811 1
2811 2812 4
2812 2813 6
2813 2814 4
2814 2815 3
2815 2816 5
2816 2817 10
2817 2818 10
2818 2819 1
2819 2820 9
2820 2821 5
2821 2822 10
2822 2823 8
2823 2824 2
2824 2825 10
2825 2826 5
2826 2827 4
2827 2828 8
2828 2829 2
2829 2830 8
2830 2831 4
2831 2832 5
2832 2833 3
2833 2834 9
2834 2835 6
2835 2836 2
2836 2837 2
2837 2838 4
2838 2839 9
2839 2840 9
2840 2841 8
2841 2842 2
2842 2843 9
2843 2844 2
2844 2845 4
2845 2846 4
2846 2847 10
2847 2848 4
2848 2849 7
2849 2850 2
2850 2851 3
2851 2852 10
2852 2853 4
2853 2854 7
2854 2855 6
2855 2856 4
2856 2857 6
2857 2858 9
2858 2859 8
2859 2860 6
2860 2861 6
2861 2862 8
2862 2863 10
2863 2864 10
2864 2865 1
2865 2866 6
2866 2867 6
2867 2868 10
2868 2869 9
2869 2870 5
2870 2871 5
2871 2872 2
2872 2873 10
2873 2874 5
2874 2875 9
2875 2876 8
2876 2877 3
2877 2878 8
2878 2879 9
2879 2880 2
2880 2881 10
2881 2882 1
2882 2883 10
2883 2884 10
2884 2885 1
2885 2886 3
2886 2887 1
2887 2888 6
2888 2889 3
2889 2890 2
2890 2891 3
2891 2892 9
2892 2893 8
2893 2894 2
2894 2895 4
2895 2896 10
2896 2897 6
2897 2898 3
2898 2899 1
2899 2900 9
2900 2901 9
2901 2902 8
2902 2903 5
2903 2904 1
2904 2905 7
2905 2906 2
2906 2907 6
2907 2908 10
2908 2909 5
2909 2910 1
2910 2911 2
2911 2912 3
2912 2913 5
2913 2914 7
2914 2915 6
2915 2916 9
2916 2917 1
2917 2918 7
2918 2919 6
2919 2920 9
2920 2921 4
2921 2922 4
2922 2923 1
2923 2924 8
2924 2925 9
2925 2926 8
2926 2927 3
2927 2928 7
2928 2929 6
2929 2930 3
2930 2931 7
2931 2932 9
2932 2933 2
2933 2934 8
2934 2935 5
2935 2936 8
2936 2937 1
2937 2938 10
2938 2939 2
2939 2940 6
2940 2941 5
2941 2942 9
2942 2943 6
2943 2944 5
2944 2945 8
2945 2946 6
2946 2947 7
2947 2948 9
2948 2949 5
2949 2950 9
2950 2951 5
2951 2952 2
2952 2953 8
2953 2954 2
2954 2955 6
2955 2956 1
2956 2957 8
2957 2958 1
2958 2959 4
2959 2960 6
2960 2961 9
2961 2962 8
2962 2963 2
2963 2964 6
2964 2965 6
2965 2966 3
2966 2967 3
2967 2968 3
2968 2969 3
2969 2970 10
2970 2971 3
2971 2972 10
2972 2973 5
2973 2974 2
2974 2975 8
2975 2976 2
2976 2977 6
2977 2978 2
2978 2979 8
2979 2980 10
2980 2981 6
2981 2982 10
2982 2983 10
2983 2984 6
2984 2985 2
2985 2986 8
2986 2987 5
2987 2988 1
2988 2989 8
2989 2990 6
2990 2991 4
2991 2992 5
2992 2993 3
2993 2994 8
2994 2995 4
2995 2996 1
2996 2997 7
2997 2998 6
2998 2999 5
2999 3000 3
3000 3001 8
3001 3002 7
3002 3003 7
3003 3004 6
3004 3005 10
3005 3006 5
3006 3007 2
3007 3008 3
3008 3009 3
3009 3010 7
3010 3011 2
3011 3012 1
3012 3013 9
3013 3014 7
3014 3015 6
3015 3016 2
3016 3017 6
3017 3018 9
3018 3019 2
3019 3020 8
3020 3021 6
3021 3022 4
3022 3023 1
3023 3024 5
3024 3025 10
3025 3026 10
3026 3027 7
3027 3028 2
3028 3029 2
3029 3030 10
3030 3031 6
3031 3032 1
3032 3033 4
3033 3034 4
3034 3035 9
3035 3036 4
3036 3037 4
3037 3038 8
3038 3039 5
3039 3040 2
3040 3041 2
3041 3042 10
3042 3043 8
3043 3044 4
3044 3045 4
3045 3046 5
3046 3047 10
3047 3048 2
3048 3049 8
3049 3050 8
3050 3051 1
3051 3052 6
3052 3053 8
3053 3054 9
3054 3055 6
3055 3056 4
3056 3057 10
3057 3058 5
3058 3059 2
3059 3060 10
3060 3061 9
3061 3062 7
3062 3063 6
3063 3064 3
3064 3065 6
3065 3066 4
3066 3067 2
3067 3068 10
3068 3069 2
3069 3070 6
3070 3071 4
3071 3072 10
3072 3073 9
3073 3074 10
3074 3075 5
3075 3076 7
3076 3077 9
3077 3078 10
3078 3079 3
3079 3080 10
3080 3081 1
3081 3082 7
3082 3083 4
3083 3084 2
3084 3085 7
3085 3086 3
3086 3087 3
3087 3088 10
3088 3089 4
3089 3090 3
3090 3091 5
3091 3092 4
3092 3093 4
3093 3094 5
3094 3095 5
3095 3096 10
3096 3097 3
3097 3098 1
3098 3099 7
3099 3100 5
3100 3101 7
3101 3102 3
3102 3103 2
3103 3104 7
3104 3105 2
3105 3106 3
3106 3107 5
3107 3108 5
3108 3109 9
3109 3110 8
3110 3111 9
3111 3112 4
3112 3113 1
3113 3114 1
3114 3115 1
3115 3116 2
3116 3117 7
3117 3118 3
3118 3119 4
3119 3120 7
3120 3121 7
3121 3122 6
3122 3123 2
3123 3124 1
3124 3125 8
3125 3126 6
3126 3127 8
3127 3128 7
3128 3129 4
3129 3130 3
3130 3131 9
3131 3132 5
3132 3133 4
3133 3134 4
3134 3135 1
3135 3136 5
3136 3137 2
3137 3138 6
3138 3139 3
3139 3140 8
3140 3141 3
3141 3142 6
3142 3143 3
3143 3144 8
3144 3145 8
3145 3146 6
3146 3147 5
3147 3148 1
3148 3149 8
3149 3150 5
3150 3151 10
3151 3152 1
3152 3153 3
3153 3154 6
3154 3155 4
3155 3156 5
3156 3157 2
3157 3158 6
3158 3159 8
3159 3160 2
3160 3161 7
3161 3162 9
3162 3163 8
3163 3164 7
3164 3165 6
3165 3166 3
3166 3167 9
3167 3168 2
3168 3169 1
3169 3170 5
3170 3171 4
3171 3172 10
3172 3173 3
3173 3174 2
3174 3175 7
3175 3176 6
3176 3177 5
3177 3178 9
3178 3179 8
3179 3180 5
3180 3181 10
3181 3182 9
3182 3183 8
3183 3184 4
3184 3185 8
3185 3186 2
3186 3187 2
3187 3188 3
3188 3189 8
3189 3190 4
3190 3191 1
3191 3192 3
3192 3193 6
3193 3194 6
3194 3195 9
3195 3196 4
3196 3197 10
3197 3198 9
3198 3199 1
3199 3200 9
3200 3201 9
3201 3202 3
3202 3203 1
3203 3204 8
3204 3205 9
3205 3206 8
3206 3207 8
3207 3208 1
3208 3209 9
3209 3210 7
3210 3211 10
3211 3212 1
3212 3213 7
3213 3214 3
3214 3215 4
3215 3216 2
3216 3217 4
3217 3218 1
3218 3219 8
3219 3220 6
3220 3221 5
3221 3222 3
3222 3223 1
3223 3224 10
3224 3225 8
3225 3226 9
3226 3227 1
3227 3228 6
3228 3229 6
3229 3230 1
3230 3231 4
3231 3232 3
3232 3233 10
3233 3234 7
3234 3235 8
3235 3236 5
3236 3237 7
3237 3238 3
3238 3239 8
3239 3240 5
3240 3241 2
3241 3242 10
3242 3243 10
3243 3244 10
3244 3245 3
3245 3246 1
3246 3247 3
3247 3248 9
3248 3249 4
3249 3250 9
3250 3251 9
3251 3252 7
3252 3253 5
3253 3254 7
3254 3255 8
3255 3256 10
3256 3257 3
3257 3258 3
3258 3259 9
3259 3260 6
3260 3261 9
3261 3262 9
3262 3263 3
3263 3264 9
3264 3265 4
3265 3266 3
3266 3267 9
3267 3268 2
3268 3269 8
3269 3270 7
3270 3271 4
3271 3272 1
3272 3273 6
3273 3274 10
3274 3275 1
3275 3276 7
3276 3277 3
3277 3278 5
3278 3279 3
3279 3280 2
3280 3281 1
3281 3282 1
3282 3283 10
3283 3284 7
3284 3285 2
3285 3286 8
3286 3287 1
3287 3288 4
3288 3289 2
3289 3290 6
3290 3291 2
3291 3292 2
3292 3293 4
3293 3294 5
3294 3295 2
3295 3296 6
3296 3297 7
3297 3298 9
3298 3299 3
3299 3300 6
3300 3301 4
3301 3302 3
3302 3303 8
3303 3304 1
3304 3305 6
3305 3306 5
3306 3307 2
3307 3308 5
3308 3309 8
3309 3310 7
3310 3311 10
3311 3312 3
3312 3313 4
3313 3314 1
3314 3315 5
3315 3316 3
3316 3317 9
3317 3318 6
3318 3319 1
3319 3320 9
3320 3321 6
3321 3322 9
3322 3323 1
3323 3324 2
3324 3325 5
3325 3326 3
3326 3327 1
3327 3328 7
3328 3329 6
3329 3330 10
3330 3331 8
3331 3332 5
3332 3333 5
3333 3334 5
3334 3335 5
3335 3336 3
3336 3337 3
3337 3338 1
3338 3339 3
3339 3340 7
3340 3341 4
3341 3342 1
3342 3343 6
3343 3344 4
3344 3345 6
3345 3346 4
3346 3347 10
3347 3348 8
3348 3349 5
3349 3350 3
3350 3351 9
3351 3352 6
3352 3353 10
3353 3354 6
3354 3355 7
3355 3356 5
3356 3357 9
3357 3358 4
3358 3359 7
3359 3360 1
3360 3361 3
3361 3362 2
3362 3363 5
3363 3364 6
3364 3365 8
3365 3366 4
3366 3367 7
3367 3368 7
3368 3369 4
3369 3370 8
3370 3371 3
3371 3372 3
3372 3373 7
3373 3374 3
3374 3375 3
3375 3376 3
3376 3377 8
3377 3378 4
3378 3379 7
3379 3380 7
3380 3381 4
3381 3382 5
3382 3383 10
3383 3384 8
3384 3385 9
3385 3386 7
3386 3387 7
3387 3388 4
3388 3389 3
3389 3390 5
3390 3391 4
3391 3392 1
3392 3393 7
3393 3394 9
3394 3395 3
3395 3396 7
3396 3397 5
3397 3398 1
3398 3399 7
3399 3400 3
3400 3401 5
3401 3402 6
3402 3403 5
3403 3404 3
3404 3405 8
3405 3406 7
3406 3407 3
3407 3408 6
3408 3409 9
3409 3410 4
3410 3411 4
3411 3412 3
3412 3413 8
3413 3414 9
3414 3415 6
3415 3416 9
3416 3417 6
3417 3418 2
3418 3419 2
3419 3420 5
3420 3421 8
3421 3422 9
3422 3423 7
3423 3424 3
3424 3425 4
3425 3426 9
3426 3427 8
3427 3428 2
3428 3429 10
3429 3430 4
3430 3431 5
3431 3432 5
3432 3433 3
3433 3434 6
3434 3435 4
3435 3436 6
3436 3437 4
3437 3438 4
3438 3439 4
3439 3440 2
3440 3441 10
3441 3442 9
3442 3443 5
3443 3444 9
3444 3445 5
3445 3446 9
3446 3447 4
3447 3448 9
3448 3449 2
3449 3450 7
3450 3451 9
3451 3452 4
3452 3453 4
3453 3454 4
3454 3455 9
3455 3456 10
3456 3457 3
3457 3458 9
3458 3459 8
3459 3460 1
3460 3461 6
3461 3462 5
3462 3463 1
3463 3464 10
3464 3465 5
3465 3466 1
3466 3467 6
3467 3468 1
3468 3469 5
3469 3470 3
3470 3471 10
3471 3472 5
3472 3473 1
3473 3474 7
3474 3475 2
3475 3476 4
3476 3477 7
3477 3478 3
3478 3479 2
3479 3480 9
3480 3481 2
3481 3482 2
3482 3483 9
3483 3484 7
3484 3485 5
3485 3486 10
3486 3487 6
3487 3488 8
3488 3489 7
3489 3490 3
3490 3491 2
3491 3492 3
3492 3493 9
3493 3494 8
3494 3495 4
3495 3496 9
3496 3497 6
3497 3498 4
3498 3499 8
3499 3500 4
3500 3501 7
3501 3502 7
3502 3503 6
3503 3504 10
3504 3505 5
3505 3506 10
3506 3507 9
3507 3508 4
3508 3509 1
3509 3510 4
3510 3511 10
3511 3512 4
3512 3513 9
3513 3514 1
3514 3515 5
3515 3516 3
3516 3517 1
3517 3518 9
3518 3519 6
3519 3520 10
3520 3521 8
3521 3522 9
3522 3523 9
3523 3524 10
3524 3525 8
3525 3526 1
3526 3527 7
3527 3528 2
3528 3529 4
3529 3530 2
3530 3531 7
3531 3532 4
3532 3533 9
3533 3534 9
3534 3535 8
3535 3536 8
3536 3537 10
3537 3538 7
3538 3539 10
3539 3540 9
3540 3541 9
3541 3542 3
3542 3543 10
3543 3544 3
3544 3545 10
3545 3546 3
3546 3547 10
3547 3548 4
3548 3549 8
3549 3550 10
3550 3551 2
3551 3552 3
3552 3553 7
3553 3554 7
3554 3555 4
3555 3556 5
3556 3557 10
3557 3558 7
3558 3559 2
3559 3560 2
3560 3561 6
3561 3562 4
3562 3563 9
3563 3564 3
3564 3565 6
3565 3566 10
3566 3567 9
3567 3568 7
3568 3569 4
3569 3570 6
3570 3571 8
3571 3572 10
3572 3573 8
3573 3574 6
3574 3575 2
3575 3576 1
3576 3577 1
3577 3578 10
3578 3579 7
3579 3580 10
3580 3581 9
3581 3582 10
3582 3583 10
3583 3584 5
3584 3585 5
3585 3586 3
3586 3587 1
3587 3588 1
3588 3589 5
3589 3590 1
3590 3591 7
3591 3592 9
3592 3593 3
3593 3594 8
3594 3595 3
3595 3596 5
3596 3597 3
3597 3598 6
3598 3599 1
3599 3600 3
3600 3601 2
3601 3602 3
3602 3603 7
3603 3604 2
3604 3605 9
3605 3606 5
3606 3607 5
3607 3608 7
3608 3609 1
3609 3610 8
3610 3611 10
3611 3612 6
3612 3613 7
3613 3614 9
3614 3615 8
3615 3616 4
3616 3617 6
3617 3618 7
3618 3619 5
3619 3620 4
3620 3621 3
3621 3622 7
3622 3623 6
3623 3624 5
3624 3625 5
3625 3626 1
3626 3627 7
3627 3628 8
3628 3629 2
3629 3630 6
3630 3631 3
3631 3632 1
3632 3633 3
3633 3634 4
3634 3635 10
3635 3636 3
3636 3637 8
3637 3638 9
3638 3639 6
3639 3640 8
3640 3641 1
3641 3642 6
3642 3643 6
3643 3644 1
3644 3645 7
3645 3646 6
3646 3647 9
3647 3648 3
3648 3649 2
3649 3650 7
3650 3651 10
3651 3652 5
3652 3653 10
3653 3654 10
3654 3655 5
3655 3656 10
3656 3657 8
3657 3658 10
3658 3659 8
3659 3660 5
3660 3661 2
3661 3662 5
3662 3663 8
3663 3664 9
3664 3665 8
3665 3666 9
3666 3667 8
3667 3668 9
3668 3669 10
3669 3670 9
3670 3671 7
3671 3672 7
3672 3673 4
3673 3674 3
3674 3675 4
3675 3676 5
3676 3677 5
3677 3678 2
3678 3679 7
3679 3680 1
3680 3681 4
3681 3682 7
3682 3683 2
3683 3684 4
3684 3685 6
3685 3686 3
3686 3687 10
3687 3688 1
3688 3689 10
3689 3690 4
3690 3691 1
3691 3692 4
3692 3693 4
3693 3694 5
3694 3695 5
3695 3696 9
3696 3697 2
3697 3698 2
3698 3699 4
3699 3700 5
3700 3701 2
3701 3702 3
3702 3703 2
3703 3704 6
3704 3705 3
3705 3706 4
3706 3707 1
3707 3708 6
3708 3709 5
3709 3710 6
3710 3711 5
3711 3712 3
3712 3713 3
3713 3714 9
3714 3715 2
3715 3716 6
3716 3717 1
3717 3718 3
3718 3719 5
3719 3720 4
3720 3721 2
3721 3722 9
3722 3723 9
3723 3724 3
3724 3725 10
3725 3726 10
3726 3727 2
3727 3728 10
3728 3729 4
3729 3730 4
3730 3731 8
3731 3732 1
3732 3733 2
3733 3734 4
3734 3735 1
3735 3736 7
3736 3737 7
3737 3738 9
3738 3739 5
3739 3740 7
3740 3741 4
3741 3742 2
3742 3743 1
3743 3744 6
3744 3745 3
3745 3746 3
3746 3747 1
3747 3748 2
3748 3749 4
3749 3750 10
3750 3751 3
3751 3752 2
3752 3753 3
3753 3754 7
3754 3755 8
3755 3756 1
3756 3757 3
3757 3758 5
3758 3759 5
3759 3760 1
3760 3761 6
3761 3762 6
3762 3763 3
3763 3764 1
3764 3765 6
3765 3766 5
3766 3767 8
3767 3768 2
3768 3769 4
3769 3770 5
3770 3771 1
3771 3772 5
3772 3773 7
3773 3774 7
3774 3775 4
3775 3776 9
3776 3777 2
3777 3778 8
3778 3779 10
3779 3780 9
3780 3781 9
3781 3782 3
3782 3783 10
3783 3784 6
3784 3785 1
3785 3786 7
3786 3787 1
3787 3788 6
3788 3789 1
3789 3790 6
3790 3791 4
3791 3792 6
3792 3793 9
3793 3794 3
3794 3795 3
3795 3796 6
3796 3797 1
3797 3798 3
3798 3799 8
3799 3800 3
3800 3801 9
3801 3802 6
3802 3803 3
3803 3804 3
3804 3805 8
3805 3806 1
3806 3807 8
3807 3808 9
3808 3809 7
3809 3810 9
3810 3811 7
3811 3812 5
3812 3813 6
3813 3814 3
3814 3815 6
3815 3816 2
3816 3817 3
3817 3818 3
3818 3819 10
3819 3820 5
3820 3821 1
3821 3822 9
3822 3823 3
3823 3824 2
3824 3825 3
3825 3826 2
3826 3827 4
3827 3828 8
3828 3829 3
3829 3830 7
3830 3831 4
3831 3832 2
3832 3833 5
3833 3834 10
3834 3835 2
3835 3836 10
3836 3837 1
3837 3838 5
3838 3839 5
3839 3840 5
3840 3841 8
3841 3842 8
3842 3843 6
3843 3844 1
3844 3845 2
3845 3846 1
3846 3847 8
3847 3848 4
3848 3849 9
3849 3850 5
3850 3851 9
3851 3852 8
3852 3853 8
3853 3854 6
3854 3855 10
3855 3856 10
3856 3857 1
3857 3858 8
3858 3859 5
3859 3860 2
3860 3861 5
3861 3862 10
3862 3863 7
3863 3864 4
3864 3865 4
3865 3866 7
3866 3867 2
3867 3868 3
3868 3869 3
3869 3870 6
3870 3871 5
3871 3872 5
3872 3873 6
3873 3874 7
3874 3875 8
3875 3876 8
3876 3877 7
3877 3878 2
3878 3879 1
3879 3880 8
3880 3881 2
3881 3882 8
3882 3883 4
3883 3884 6
3884 3885 2
3885 3886 10
3886 3887 9
3887 3888 8
3888 3889 7
3889 3890 9
3890 3891 10
3891 3892 4
3892 3893 7
3893 3894 1
3894 3895 6
3895 3896 3
3896 3897 8
3897 3898 10
3898 3899 3
3899 3900 7
3900 3901 10
3901 3902 6
3902 3903 8
3903 3904 10
3904 3905 3
3905 3906 9
3906 3907 6
3907 3908 5
3908 3909 7
3909 3910 2
3910 3911 1
3911 3912 9
3912 3913 1
3913 3914 2
3914 3915 2
3915 3916 9
3916 3917 6
3917 3918 1
3918 3919 3
3919 3920 2
3920 3921 6
3921 3922 3
3922 3923 9
3923 3924 7
3924 3925 10
3925 3926 6
3926 3927 1
3927 3928 9
3928 3929 2
3929 3930 10
3930 3931 10
3931 3932 5
3932 3933 6
3933 3934 1
3934 3935 8
3935 3936 8
3936 3937 9
3937 3938 1
3938 3939 2
3939 3940 10
3940 3941 6
3941 3942 1
3942 3943 7
3943 3944 1
3944 3945 1
3945 3946 9
3946 3947 2
3947 3948 6
3948 3949 3
3949 3950 8
3950 3951 10
3951 3952 1
3952 3953 2
3953 3954 4
3954 3955 4
3955 3956 6
3956 3957 6
3957 3958 1
3958 3959 4
3959 3960 1
3960 3961 2
3961 3962 9
3962 3963 8
3963 3964 5
3964 3965 10
3965 3966 6
3966 3967 5
3967 3968 1
3968 3969 10
3969 3970 6
3970 3971 3
3971 3972 10
3972 3973 9
3973 3974 6
3974 3975 8
3975 3976 2
3976 3977 1
3977 3978 1
3978 3979 1
3979 3980 9
3980 3981 8
3981 3982 2
3982 3983 3
3983 3984 9
3984 3985 9
3985 3986 3
3986 3987 4
3987 3988 8
3988 3989 6
3989 3990 6
3990 3991 5
3991 3992 1
3992 3993 1
3993 3994 5
3994 3995 9
3995 3996 8
3996 3997 10
3997 3998 9
3998 3999 4
3999 4000 9
4000 4001 1
4001 4002 2
4002 4003 7
4003 4004 8
4004 4005 6
4005 4006 1
4006 4007 9
4007 4008 6
4008 4009 1
4009 4010 8
4010 4011 10
4011 4012 7
4012 4013 8
4013 4014 9
4014 4015 9
4015 4016 10
4016 4017 8
4017 4018 9
4018 4019 3
4019 4020 3
4020 4021 5
4021 4022 8
4022 4023 8
4023 4024 3
4024 4025 1
4025 4026 6
4026 4027 8
4027 4028 4
4028 4029 6
4029 4030 9
4030 4031 9
4031 4032 3
4032 4033 5
4033 4034 6
4034 4035 7
4035 4036 8
4036 4037 8
4037 4038 4
4038 4039 1
4039 4040 5
4040 4041 2
4041 4042 4
4042 4043 2
4043 4044 10
4044 4045 2
4045 4046 8
4046 4047 4
4047 4048 8
4048 4049 1
4049 4050 4
4050 4051 3
4051 4052 4
4052 4053 2
4053 4054 10
4054 4055 5
4055 4056 7
4056 4057 3
4057 4058 3
4058 4059 10
4059 4060 1
4060 4061 10
4061 4062 9
4062 4063 6
4063 4064 6
4064 4065 2
4065 4066 10
4066 4067 9
4067 4068 6
4068 4069 3
4069 4070 2
4070 4071 6
4071 4072 4
4072 4073 1
4073 4074 2
4074 4075 9
4075 4076 8
4076 4077 7
4077 4078 10
4078 4079 2
4079 4080 9
4080 4081 5
4081 4082 9
4082 4083 7
4083 4084 10
4084 4085 10
4085 4086 7
4086 4087 2
4087 4088 7
4088 4089 2
4089 4090 4
4090 4091 8
4091 4092 3
4092 4093 1
4093 4094 8
4094 4095 3
