8192 8191
0 1 10
1 2 5
2 3 4
3 4 9
4 5 7
5 6 10
6 7 4
7 8 3
8 9 3
9 10 7
10 11 4
11 12 8
12 13 1
13 14 6
14 15 6
15 16 4
16 17 9
17 18 1
18 19 8
19 20 7
20 21 7
21 22 3
22 23 8
23 24 4
24 25 8
25 26 1
26 27 8
27 28 9
28 29 7
29 30 10
30 31 7
31 32 7
32 33 6
33 34 1
34 35 5
35 36 9
36 37 6
37 38 8
38 39 2
39 40 5
40 41 5
41 42 9
42 43 5
43 44 3
44 45 6
45 46 2
46 47 7
47 48 1
48 49 1
49 50 10
50 51 10
51 52 1
52 53 2
53 54 2
54 55 4
55 56 9
56 57 9
57 58 9
58 59 1
59 60 8
60 61 2
61 62 10
62 63 4
63 64 10
64 65 3
65 66 8
66 67 2
67 68 1
68 69 1
69 70 10
70 71 10
71 72 10
72 73 1
73 74 10
74 75 9
75 76 2
76 77 8
77 78 6
78 79 3
79 80 2
80 81 2
81 82 1
82 83 5
83 84 7
84 85 8
85 86 4
86 87 6
87 88 4
88 89 4
89 90 8
90 91 7
91 92 8
92 93 6
93 94 7
94 95 4
95 96 1
96 97 2
97 98 10
98 99 1
99 100 8
100 101 6
101 102 5
102 103 7
103 104 3
104 105 8
105 106 4
106 107 2
107 108 9
108 109 3
109 110 6
110 111 4
111 112 5
112 113 5
113 114 10
114 115 10
115 116 10
116 117 9
117 118 10
118 119 7
119 120 8
120 121 1
121 122 4
122 123 7
123 124 3
124 125 5
125 126 5
126 127 10
127 128 7
128 129 7
129 130 1
130 131 2
131 132 4
132 133 1
133 134 10
134 135 10
135 136 5
136 137 4
137 138 6
138 139 10
139 140 1
140 141 9
141 142 9
142 143 10
143 144 8
144 145 9
145 146 1
146 147 10
147 148 2
148 149 1
149 150 7
150 151 8
151 152 9
152 153 9
153 154 4
154 155 8
155 156 8
156 157 8
157 158 10
158 159 8
159 160 1
160 161 10
161 162 1
162 163 10
163 164 3
164 165 10
165 166 1
166 167 6
167 168 2
168 169 5
169 170 5
170 171 10
171 172 1
172 173 3
173 174 9
174 175 10
175 176 5
176 177 10
177 178 4
178 179 1
179 180 4
180 181 9
181 182 9
182 183 10
183 184 1
184 185 9
185 186 4
186 187 9
187 188 1
188 189 7
189 190 7
190 191 8
191 192 2
192 193 3
193 194 5
194 195 5
195 196 8
196 197 9
197 198 3
198 199 3
199 200 4
200 201 6
201 202 6
202 203 5
203 204 7
204 205 7
205 206 3
206 207 8
207 208 4
208 209 9
209 210 4
210 211 9
211 212 4
212 213 3
213 214 3
214 215 5
215 216 2
216 217 10
217 218 7
218 219 6
219 220 2
220 221 3
221 222 8
222 223 8
223 224 10
224 225 10
225 226 2
226 227 9
227 228 6
228 229 3
229 230 9
230 231 6
231 232 8
232 233 7
233 234 4
234 235 5
235 236 9
236 237 6
237 238 7
238 239 3
239 240 9
240 241 9
241 242 6
242 243 9
243 244 5
244 245 1
245 246 6
246 247 9
247 248 1
248 249 5
249 250 10
250 251 1
251 252 9
252 253 9
253 254 10
254 255 9
255 256 2
256 257 5
257 258 5
258 259 4
259 260 4
260 261 9
261 262 4
262 263 8
263 264 7
264 265 6
265 266 8
266 267 3
267 268 10
268 269 3
269 270 6
270 271 7
271 272 6
272 273 5
273 274 2
274 275 10
275 276 2
276 277 2
277 278 8
278 279 3
279 280 8
280 281 4
281 282 3
282 283 10
283 284 4
284 285 3
285 286 8
286 287 9
287 288 3
288 289 8
289 290 1
290 291 5
291 292 7
292 293 10
293 294 6
294 295 7
295 296 6
296 297 2
297 298 10
298 299 10
299 300 9
300 301 1
301 302 10
302 303 8
303 304 9
304 305 9
305 306 9
306 307 8
307 308 5
308 309 10
309 310 4
310 311 6
311 312 1
312 313 10
313 314 3
314 315 9
315 316 10
316 317 2
317 318 4
318 319 10
319 320 3
320 321 2
321 322 7
322 323 7
323 324 8
324 325 9
325 326 7
326 327 5
327 328 9
328 329 8
329 330 9
330 331 5
331 332 2
332 333 5
333 334 3
334 335 7
335 336 4
336 337 4
337 338 2
338 339 8
339 340 5
340 341 4
341 342 3
342 343 4
343 344 8
344 345 3
345 346 9
346 347 6
347 348 9
348 349 7
349 350 8
350 351 8
351 352 5
352 353 8
353 354 5
354 355 5
355 356 10
356 357 1
357 358 2
358 359 6
359 360 6
360 361 5
361 362 5
362 363 3
363 364 7
364 365 4
365 366 7
366 367 3
367 368 8
368 369 4
369 370 7
370 371 7
371 372 4
372 373 9
373 374 10
374 375 7
375 376 9
376 377 8
377 378 2
378 379 2
379 380 8
380 381 4
381 382 5
382 383 10
383 384 5
384 385 9
385 386 8
386 387 3
387 388 4
388 389 9
389 390 2
390 391 6
391 392 7
392 393 4
393 394 10
394 395 10
395 396 3
396 397 2
397 398 9
398 399 1
399 400 3
400 401 1
401 402 5
402 403 2
403 404 8
404 405 6
405 406 1
406 407 3
407 408 3
408 409 8
409 410 3
410 411 3
411 412 4
412 413 7
413 414 10
414 415 4
415 416 2
416 417 5
417 418 5
418 419 1
419 420 3
420 421 9
421 422 7
422 423 1
423 424 2
424 425 9
425 426 1
426 427 4
427 428 7
428 429 3
429 430 4
430 431 6
431 432 10
432 433 3
433 434 4
434 435 10
435 436 4
436 437 2
437 438 2
438 439 8
439 440 6
440 441 9
441 442 2
442 443 9
443 444 2
444 445 2
445 446 3
446 447 9
447 448 6
448 449 5
449 450 6
450 451 8
451 452 7
452 453 4
453 454 9
454 455 10
455 456 1
456 457 10
457 458 2
458 459 2
459 460 9
460 461 5
461 462 6
462 463 10
463 464 2
464 465 2
465 466 3
466 467 3
467 468 9
468 469 8
469 470 3
470 471 3
471 472 7
472 473 4
473 474 4
474 475 3
475 476 9
476 477 1
477 478 8
478 479 7
479 480 6
480 481 2
481 482 9
482 483 6
483 484 6
484 485 8
485 486 4
486 487 5
487 488 4
488 489 2
489 490 7
490 491 5
491 492 7
492 493 9
493 494 9
494 495 5
495 496 5
496 497 8
497 498 5
498 499 7
499 500 4
500 501 8
501 502 8
502 503 2
503 504 6
504 505 7
505 506 10
506 507 2
507 508 5
508 509 9
509 510 2
510 511 10
511 512 10
512 513 10
513 514 2
514 515 1
515 516 5
516 517 4
517 518 10
518 519 7
519 520 2
520 521 7
521 522 7
522 523 2
523 524 7
524 525 4
525 526 3
526 527 4
527 528 5
528 529 2
529 530 1
530 531 9
531 532 10
532 533 6
533 534 9
534 535 8
535 536 1
536 537 6
537 538 5
538 539 7
539 540 3
540 541 5
541 542 2
542 543 4
543 544 1
544 545 3
545 546 2
546 547 7
547 548 5
548 549 7
549 550 3
550 551 6
551 552 8
552 553 5
553 554 3
554 555 10
555 556 10
556 557 8
557 558 7
558 559 8
559 560 1
560 561 2
561 562 3
562 563 7
563 564 10
564 565 9
565 566 2
566 567 3
567 568 10
568 569 2
569 570 6
570 571 1
571 572 3
572 573 9
573 574 3
574 575 8
575 576 4
576 577 10
577 578 4
578 579 2
579 580 1
580 581 9
581 582 7
582 583 2
583 584 3
584 585 9
585 586 7
586 587 4
587 588 9
588 589 3
589 590 9
590 591 3
591 592 10
592 593 5
593 594 7
594 595 1
595 596 9
596 597 5
597 598 8
598 599 6
599 600 6
600 601 7
601 602 2
602 603 2
603 604 2
604 605 8
605 606 2
606 607 2
607 608 3
608 609 8
609 610 8
610 611 10
611 612 7
612 613 3
613 614 1
614 615 9
615 616 8
616 617 8
617 618 9
618 619 1
619 620 7
620 621 5
621 622 1
622 623 7
623 624 3
624 625 8
625 626 1
626 627 5
627 628 8
628 629 4
629 630 8
630 631 9
631 632 8
632 633 6
633 634 8
634 635 1
635 636 9
636 637 2
637 638 2
638 639 4
639 640 4
640 641 8
641 642 10
642 643 3
643 644 7
644 645 7
645 646 5
646 647 2
647 648 5
648 649 10
649 650 6
650 651 9
651 652 1
652 653 6
653 654 1
654 655 8
655 656 10
656 657 3
657 658 2
658 659 5
659 660 8
660 661 2
661 662 6
662 663 10
663 664 7
664 665 9
665 666 5
666 667 4
667 668 3
668 669 2
669 670 5
670 671 8
671 672 7
672 673 7
673 674 9
674 675 7
675 676 6
676 677 3
677 678 2
678 679 10
679 680 10
680 681 9
681 682 4
682 683 6
683 684 1
684 685 3
685 686 5
686 687 1
687 688 10
688 689 2
689 690 4
690 691 4
691 692 9
692 693 2
693 694 2
694 695 2
695 696 8
696 697 7
697 698 9
698 699 3
699 700 4
700 701 1
701 702 5
702 703 6
703 704 8
704 705 3
705 706 10
706 707 5
707 708 4
708 709 9
709 710 2
710 711 10
711 712 4
712 713 10
713 714 2
714 715 5
715 716 1
716 717 4
717 718 1
718 719 2
719 720 6
720 721 10
721 722 8
722 723 2
723 724 6
724 725 8
725 726 2
726 727 5
727 728 6
728 729 1
729 730 5
730 731 10
731 732 9
732 733 3
733 734 9
734 735 6
735 736 7
736 737 1
737 738 1
738 739 7
739 740 9
740 741 1
741 742 9
742 743 3
743 744 5
744 745 2
745 746 3
746 747 3
747 748 4
748 749 9
749 750 2
750 751 3
751 752 5
752 753 8
753 754 9
754 755 6
755 756 6
756 757 7
757 758 10
758 759 3
759 760 10
760 761 8
761 762 3
762 763 8
763 764 8
764 765 8
765 766 2
766 767 4
767 768 10
768 769 2
769 770 2
770 771 3
771 772 5
772 773 10
773 774 10
774 775 9
775 776 9
776 777 7
777 778 7
778 779 10
779 780 3
780 781 2
781 782 3
782 783 9
783 784 6
784 785 3
785 786 1
786 787 10
787 788 6
788 789 6
789 790 3
790 791 4
791 792 10
792 793 3
793 794 6
794 795 1
795 796 3
796 797 2
797 798 2
798 799 6
799 800 8
800 801 10
801 802 8
802 803 6
803 804 8
804 805 6
805 806 2
806 807 5
807 808 2
808 809 1
809 810 6
810 811 8
811 812 2
812 813 10
813 814 8
814 815 1
815 816 4
816 817 8
817 818 6
818 819 2
819 820 8
820 821 8
821 822 8
822 823 3
823 824 5
824 825 8
825 826 3
826 827 4
827 828 10
828 829 7
829 830 3
830 831 9
831 832 10
832 833 7
833 834 7
834 835 1
835 836 9
836 837 2
837 838 5
838 839 7
839 840 9
840 841 7
841 842 4
842 843 10
843 844 6
844 845 9
845 846 3
846 847 4
847 848 8
848 849 1
849 850 10
850 851 10
851 852 8
852 853 2
853 854 4
854 855 5
855 856 4
856 857 2
857 858 3
858 859 8
859 860 1
860 861 10
861 862 9
862 863 8
863 864 4
864 865 9
865 866 1
866 867 1
867 868 10
868 869 8
869 870 4
870 871 3
871 872 8
872 873 9
873 874 6
874 875 2
875 876 2
876 877 6
877 878 6
878 879 7
879 880 3
880 881 7
881 882 9
882 883 1
883 884 5
884 885 4
885 886 5
886 887 1
887 888 7
888 889 3
889 890 4
890 891 6
891 892 4
892 893 2
893 894 4
894 895 2
895 896 7
896 897 3
897 898 3
898 899 4
899 900 2
900 901 4
901 902 2
902 903 5
903 904 4
904 905 10
905 906 1
906 907 4
907 908 5
908 909 4
909 910 4
910 911 1
911 912 8
912 913 5
913 914 3
914 915 1
915 916 10
916 917 7
917 918 1
918 919 8
919 920 6
920 921 7
921 922 9
922 923 10
923 924 4
924 925 2
925 926 4
926 927 3
927 928 5
928 929 2
929 930 9
930 931 2
931 932 3
932 933 10
933 934 3
934 935 6
935 936 5
936 937 2
937 938 9
938 939 3
939 940 10
940 941 8
941 942 2
942 943 4
943 944 9
944 945 2
945 946 10
946 947 9
947 948 2
948 949 4
949 950 5
950 951 6
951 952 5
952 953 2
953 954 5
954 955 8
955 956 5
956 957 9
957 958 9
958 959 6
959 960 5
960 961 9
961 962 8
962 963 5
963 964 3
964 965 7
965 966 9
966 967 1
967 968 7
968 969 8
969 970 2
970 971 9
971 972 8
972 973 7
973 974 3
974 975 4
975 976 7
976 977 2
977 978 8
978 979 4
979 980 4
980 981 8
981 982 1
982 983 2
983 984 4
984 985 5
985 986 4
986 987 9
987 988 5
988 989 5
989 990 6
990 991 5
991 992 10
992 993 7
993 994 2
994 995 7
995 996 7
996 997 7
997 998 10
998 999 1
999 1000 2
1000 1001 3
1001 1002 10
1002 1003 5
1003 1004 6
1004 1005 1
1005 1006 7
1006 1007 8
1007 1008 9
1008 1009 1
1009 1010 4
1010 1011 5
1011 1012 8
1012 1013 1
1013 1014 8
1014 1015 6
1015 1016 2
1016 1017 8
1017 1018 5
1018 1019 10
1019 1020 6
1020 1021 5
1021 1022 9
1022 1023 9
1023 1024 3
1024 1025 7
1025 1026 2
1026 1027 9
1027 1028 5
1028 1029 2
1029 1030 10
1030 1031 9
1031 1032 6
1032 1033 10
1033 1034 4
1034 1035 8
1035 1036 1
1036 1037 6
1037 1038 2
1038 1039 6
1039 1040 6
1040 1041 5
1041 1042 4
1042 1043 1
1043 1044 7
1044 1045 4
1045 1046 8
1046 1047 1
1047 1048 2
1048 1049 9
1049 1050 9
1050 1051 2
1051 1052 6
1052 1053 8
1053 1054 4
1054 1055 10
1055 1056 10
1056 1057 6
1057 1058 5
1058 1059 5
1059 1060 1
1060 1061 10
1061 1062 9
1062 1063 1
1063 1064 5
1064 1065 7
1065 1066 8
1066 1067 9
1067 1068 6
1068 1069 5
1069 1070 1
1070 1071 4
1071 1072 5
1072 1073 9
1073 1074 2
1074 1075 10
1075 1076 6
1076 1077 6
1077 1078 9
1078 1079 8
1079 1080 2
1080 1081 7
1081 1082 5
1082 1083 8
1083 1084 9
1084 1085 2
1085 1086 9
1086 1087 2
1087 1088 6
1088 1089 8
1089 1090 4
1090 1091 4
1091 1092 8
1092 1093 3
1093 1094 7
1094 1095 2
1095 1096 1
1096 1097 9
1097 1098 9
1098 1099 5
1099 1100 1
1100 1101 8
1101 1102 2
1102 1103 3
1103 1104 7
1104 1105 3
1105 1106 2
1106 1107 3
1107 1108 8
1108 1109 9
1109 1110 1
1110 1111 3
1111 1112 8
1112 1113 3
1113 1114 8
1114 1115 4
1115 1116 2
1116 1117 1
1117 1118 2
1118 1119 4
1119 1120 1
1120 1121 8
1121 1122 9
1122 1123 8
1123 1124 2
1124 1125 9
1125 1126 7
1126 1127 10
1127 1128 1
1128 1129 6
1129 1130 2
1130 1131 4
1131 1132 2
1132 1133 2
1133 1134 4
1134 1135 1
1135 1136 3
1136 1137 4
1137 1138 7
1138 1139 6
1139 1140 4
1140 1141 7
1141 1142 10
1142 1143 2
1143 1144 6
1144 1145 9
1145 1146 3
1146 1147 2
1147 1148 1
1148 1149 3
1149 1150 2
1150 1151 4
1151 1152 5
1152 1153 1
1153 1154 7
1154 1155 5
1155 1156 5
1156 1157 2
1157 1158 10
1158 1159 2
1159 1160 10
1160 1161 4
1161 1162 4
1162 1163 5
1163 1164 8
1164 1165 8
1165 1166 7
1166 1167 3
1167 1168 5
1168 1169 5
1169 1170 4
1170 1171 5
1171 1172 6
1172 1173 8
1173 1174 1
1174 1175 8
1175 1176 9
1176 1177 7
1177 1178 3
1178 1179 5
1179 1180 9
1180 1181 7
1181 1182 5
1182 1183 1
1183 1184 10
1184 1185 6
1185 1186 5
1186 1187 5
1187 1188 3
1188 1189 2
1189 1190 8
1190 1191 1
1191 1192 5
1192 1193 4
1193 1194 10
1194 1195 3
1195 1196 3
1196 1197 6
1197 1198 10
1198 1199 8
1199 1200 10
1200 1201 3
1201 1202 8
1202 1203 2
1203 1204 7
1204 1205 9
1205 1206 6
1206 1207 5
1207 1208 9
1208 1209 6
1209 1210 6
1210 1211 8
1211 1212 9
1212 1213 8
1213 1214 4
1214 1215 9
1215 1216 5
1216 1217 9
1217 1218 6
1218 1219 7
1219 1220 7
1220 1221 3
1221 1222 8
1222 1223 9
1223 1224 7
1224 1225 10
1225 1226 7
1226 1227 10
1227 1228 7
1228 1229 5
1229 1230 3
1230 1231 5
1231 1232 5
1232 1233 1
1233 1234 7
1234 1235 5
1235 1236 3
1236 1237 7
1237 1238 10
1238 1239 9
1239 1240 9
1240 1241 5
1241 1242 4
1242 1243 9
1243 1244 4
1244 1245 8
1245 1246 5
1246 1247 4
1247 1248 5
1248 1249 10
1249 1250 4
1250 1251 1
1251 1252 4
1252 1253 7
1253 1254 10
1254 1255 3
1255 1256 7
1256 1257 1
1257 1258 9
1258 1259 5
1259 1260 1
1260 1261 5
1261 1262 8
1262 1263 1
1263 1264 5
1264 1265 7
1265 1266 6
1266 1267 8
1267 1268 1
1268 1269 9
1269 1270 2
1270 1271 2
1271 1272 7
1272 1273 10
1273 1274 9
1274 1275 7
1275 1276 1
1276 1277 7
1277 1278 1
1278 1279 5
1279 1280 7
1280 1281 5
1281 1282 7
1282 1283 10
1283 1284 3
1284 1285 1
1285 1286 8
1286 1287 1
1287 1288 10
1288 1289 3
1289 1290 5
1290 1291 5
1291 1292 4
1292 1293 6
1293 1294 9
1294 1295 8
1295 1296 5
1296 1297 8
1297 1298 7
1298 1299 3
1299 1300 2
1300 1301 6
1301 1302 6
1302 1303 2
1303 1304 7
1304 1305 2
1305 1306 7
1306 1307 8
1307 1308 4
1308 1309 4
1309 1310 5
1310 1311 6
1311 1312 4
1312 1313 8
1313 1314 4
1314 1315 5
1315 1316 9
1316 1317 4
1317 1318 9
1318 1319 1
1319 1320 10
1320 1321 8
1321 1322 3
1322 1323 5
1323 1324 1
1324 1325 9
1325 1326 1
1326 1327 4
1327 1328 6
1328 1329 5
1329 1330 3
1330 1331 1
1331 1332 2
1332 1333 7
1333 1334 9
1334 1335 10
1335 1336 6
1336 1337 7
1337 1338 5
1338 1339 3
1339 1340 8
1340 1341 9
1341 1342 8
1342 1343 6
1343 1344 10
1344 1345 1
1345 1346 4
1346 1347 6
1347 1348 3
1348 1349 1
1349 1350 9
1350 1351 10
1351 1352 5
1352 1353 6
1353 1354 7
1354 1355 10
1355 1356 5
1356 1357 1
1357 1358 10
1358 1359 10
1359 1360 9
1360 1361 6
1361 1362 2
1362 1363 4
1363 1364 7
1364 1365 5
1365 1366 2
1366 1367 9
1367 1368 8
1368 1369 6
1369 1370 8
1370 1371 5
1371 1372 4
1372 1373 2
1373 1374 9
1374 1375 6
1375 1376 8
1376 1377 7
1377 1378 5
1378 1379 9
1379 1380 3
1380 1381 8
1381 1382 7
1382 1383 2
1383 1384 2
1384 1385 10
1385 1386 7
1386 1387 5
1387 1388 10
1388 1389 5
1389 1390 8
1390 1391 6
1391 1392 9
1392 1393 4
1393 1394 4
1394 1395 1
1395 1396 1
1396 1397 2
1397 1398 7
1398 1399 3
1399 1400 8
1400 1401 9
1401 1402 1
1402 1403 8
1403 1404 9
1404 1405 8
1405 1406 6
1406 1407 9
1407 1408 6
1408 1409 3
1409 1410 7
1410 1411 3
1411 1412 2
1412 1413 10
1413 1414 6
1414 1415 10
1415 1416 6
1416 1417 9
1417 1418 8
1418 1419 7
1419 1420 9
1420 1421 8
1421 1422 2
1422 1423 8
1423 1424 9
1424 1425 9
1425 1426 6
1426 1427 1
1427 1428 3
1428 1429 3
1429 1430 1
1430 1431 9
1431 1432 10
1432 1433 10
1433 1434 7
1434 1435 8
1435 1436 10
1436 1437 8
1437 1438 1
1438 1439 2
1439 1440 6
1440 1441 10
1441 1442 5
1442 1443 10
1443 1444 7
1444 1445 8
1445 1446 7
1446 1447 7
1447 1448 3
1448 1449 7
1449 1450 2
1450 1451 7
1451 1452 2
1452 1453 9
1453 1454 3
1454 1455 7
1455 1456 10
1456 1457 10
1457 1458 4
1458 1459 6
1459 1460 7
1460 1461 1
1461 1462 1
1462 1463 9
1463 1464 8
1464 1465 10
1465 1466 10
1466 1467 4
1467 1468 8
1468 1469 3
1469 1470 7
1470 1471 6
1471 1472 10
1472 1473 10
1473 1474 6
1474 1475 6
1475 1476 9
1476 1477 10
1477 1478 3
1478 1479 3
1479 1480 9
1480 1481 9
1481 1482 1
1482 1483 2
1483 1484 4
1484 1485 10
1485 1486 4
1486 1487 10
1487 1488 6
1488 1489 6
1489 1490 2
1490 1491 4
1491 1492 2
1492 1493 4
1493 1494 6
1494 1495 4
1495 1496 6
1496 1497 7
1497 1498 10
1498 1499 3
1499 1500 6
1500 1501 4
1501 1502 10
1502 1503 9
1503 1504 8
1504 1505 10
1505 1506 9
1506 1507 3
1507 1508 9
1508 1509 3
1509 1510 2
1510 1511 2
1511 1512 6
1512 1513 1
1513 1514 1
1514 1515 10
1515 1516 7
1516 1517 2
1517 1518 5
1518 1519 2
1519 1520 4
1520 1521 3
1521 1522 2
1522 1523 1
1523 1524 5
1524 1525 9
1525 1526 1
1526 1527 5
1527 1528 2
1528 1529 3
1529 1530 8
1530 1531 9
1531 1532 9
1532 1533 3
1533 1534 8
1534 1535 5
1535 1536 5
1536 1537 5
1537 1538 6
1538 1539 6
1539 1540 7
1540 1541 1
1541 1542 5
1542 1543 10
1543 1544 2
1544 1545 10
1545 1546 2
1546 1547 1
1547 1548 1
1548 1549 8
1549 1550 4
1550 1551 8
1551 1552 2
1552 1553 9
1553 1554 1
1554 1555 8
1555 1556 7
1556 1557 8
1557 1558 3
1558 1559 8
1559 1560 8
1560 1561 10
1561 1562 4
1562 1563 8
1563 1564 7
1564 1565 1
1565 1566 5
1566 1567 10
1567 1568 1
1568 1569 6
1569 1570 3
1570 1571 10
1571 1572 2
1572 1573 8
1573 1574 5
1574 1575 6
1575 1576 8
1576 1577 6
1577 1578 1
1578 1579 10
1579 1580 10
1580 1581 10
1581 1582 9
1582 1583 1
1583 1584 3
1584 1585 4
1585 1586 1
1586 1587 2
1587 1588 3
1588 1589 10
1589 1590 2
1590 1591 6
1591 1592 2
1592 1593 6
1593 1594 5
1594 1595 3
1595 1596 9
1596 1597 6
1597 1598 6
1598 1599 9
1599 1600 10
1600 1601 5
1601 1602 2
1602 1603 5
1603 1604 1
1604 1605 9
1605 1606 2
1606 1607 7
1607 1608 9
1608 1609 1
1609 1610 3
1610 1611 8
1611 1612 10
1612 1613 3
1613 1614 7
1614 1615 2
1615 1616 7
1616 1617 2
1617 1618 7
1618 1619 4
1619 1620 1
1620 1621 7
1621 1622 8
1622 1623 5
1623 1624 6
1624 1625 10
1625 1626 3
1626 1627 8
1627 1628 9
1628 1629 9
1629 1630 7
1630 1631 10
1631 1632 5
1632 1633 8
1633 1634 6
1634 1635 4
1635 1636 8
1636 1637 1
1637 1638 10
1638 1639 3
1639 1640 8
1640 1641 2
1641 1642 9
1642 1643 10
1643 1644 8
1644 1645 2
1645 1646 5
1646 1647 9
1647 1648 6
1648 1649 10
1649 1650 5
1650 1651 10
1651 1652 7
1652 1653 10
1653 1654 2
1654 1655 5
1655 1656 1
1656 1657 5
1657 1658 3
1658 1659 4
1659 1660 10
1660 1661 4
1661 1662 8
1662 1663 1
1663 1664 8
1664 1665 8
1665 1666 2
1666 1667 4
1667 1668 9
1668 1669 7
1669 1670 3
1670 1671 10
1671 1672 10
1672 1673 6
1673 1674 3
1674 1675 8
1675 1676 10
1676 1677 3
1677 1678 7
1678 1679 9
1679 1680 4
1680 1681 2
1681 1682 10
1682 1683 3
1683 1684 7
1684 1685 1
1685 1686 4
1686 1687 1
1687 1688 6
1688 1689 1
1689 1690 7
1690 1691 6
1691 1692 4
1692 1693 6
1693 1694 6
1694 1695 1
1695 1696 7
1696 1697 7
1697 1698 1
1698 1699 6
1699 1700 2
1700 1701 4
1701 1702 5
1702 1703 3
1703 1704 2
1704 1705 9
1705 1706 3
1706 1707 1
1707 1708 4
1708 1709 5
1709 1710 5
1710 1711 2
1711 1712 5
1712 1713 9
1713 1714 7
1714 1715 10
1715 1716 9
1716 1717 3
1717 1718 3
1718 1719 5
1719 1720 10
1720 1721 7
1721 1722 4
1722 1723 6
1723 1724 9
1724 1725 8
1725 1726 10
1726 1727 2
1727 1728 7
1728 1729 8
1729 1730 7
1730 1731 9
1731 1732 8
1732 1733 8
1733 1734 8
1734 1735 4
1735 1736 7
1736 1737 3
1737 1738 7
1738 1739 3
1739 1740 9
1740 1741 1
1741 1742 7
1742 1743 6
1743 1744 7
1744 1745 7
1745 1746 9
1746 1747 10
1747 1748 9
1748 1749 1
1749 1750 9
1750 1751 7
1751 1752 4
1752 1753 1
1753 1754 5
1754 1755 9
1755 1756 9
1756 1757 5
1757 1758 10
1758 1759 10
1759 1760 9
1760 1761 3
1761 1762 4
1762 1763 10
1763 1764 8
1764 1765 10
1765 1766 3
1766 1767 6
1767 1768 6
1768 1769 3
1769 1770 7
1770 1771 3
1771 1772 2
1772 1773 6
1773 1774 1
1774 1775 1
1775 1776 3
1776 1777 9
1777 1778 4
1778 1779 3
1779 1780 10
1780 1781 1
1781 1782 9
1782 1783 8
1783 1784 4
1784 1785 3
1785 1786 5
1786 1787 8
1787 1788 3
1788 1789 6
1789 1790 2
1790 1791 4
1791 1792 6
1792 1793 10
1793 1794 6
1794 1795 10
1795 1796 2
1796 1797 2
1797 1798 10
1798 1799 4
1799 1800 1
1800 1801 2
1801 1802 7
1802 1803 4
1803 1804 7
1804 1805 2
1805 1806 3
1806 1807 2
1807 1808 1
1808 1809 8
1809 1810 5
1810 1811 4
1811 1812 3
1812 1813 8
1813 1814 7
1814 1815 9
1815 1816 10
1816 1817 5
1817 1818 6
1818 1819 8
1819 1820 3
1820 1821 6
1821 1822 10
1822 1823 6
1823 1824 6
1824 1825 1
1825 1826 7
1826 1827 10
1827 1828 3
1828 1829 9
1829 1830 1
1830 1831 6
1831 1832 3
1832 1833 7
1833 1834 9
1834 1835 1
1835 1836 6
1836 1837 3
1837 1838 7
1838 1839 6
1839 1840 1
1840 1841 4
1841 1842 5
1842 1843 2
1843 1844 6
1844 1845 6
1845 1846 10
1846 1847 4
1847 1848 4
1848 1849 3
1849 1850 3
1850 1851 6
1851 1852 7
1852 1853 9
1853 1854 7
1854 1855 4
1855 1856 9
1856 1857 1
1857 1858 10
1858 1859 8
1859 1860 4
1860 1861 2
1861 1862 10
1862 1863 10
1863 1864 4
1864 1865 5
1865 1866 8
1866 1867 1
1867 1868 8
1868 1869 5
1869 1870 5
1870 1871 7
1871 1872 8
1872 1873 6
1873 1874 10
1874 1875 6
1875 1876 7
1876 1877 1
1877 1878 10
1878 1879 2
1879 1880 2
1880 1881 9
1881 1882 10
1882 1883 7
1883 1884 10
1884 1885 3
1885 1886 6
1886 1887 8
1887 1888 5
1888 1889 7
1889 1890 1
1890 1891 1
1891 1892 7
1892 1893 9
1893 1894 7
1894 1895 3
1895 1896 5
1896 1897 1
1897 1898 9
1898 1899 4
1899 1900 4
1900 1901 4
1901 1902 8
1902 1903 3
1903 1904 10
1904 1905 7
1905 1906 6
1906 1907 1
1907 1908 5
1908 1909 9
1909 1910 8
1910 1911 10
1911 1912 4
1912 1913 7
1913 1914 8
1914 1915 5
1915 1916 9
1916 1917 5
1917 1918 5
1918 1919 2
1919 1920 6
1920 1921 2
1921 1922 8
1922 1923 5
1923 1924 6
1924 1925 5
1925 1926 7
1926 1927 4
1927 1928 6
1928 1929 8
1929 1930 1
1930 1931 3
1931 1932 2
1932 1933 9
1933 1934 2
1934 1935 2
1935 1936 6
1936 1937 1
1937 1938 1
1938 1939 9
1939 1940 3
1940 1941 6
1941 1942 8
1942 1943 5
1943 1944 2
1944 1945 7
1945 1946 3
1946 1947 4
1947 1948 2
1948 1949 4
1949 1950 3
1950 1951 2
1951 1952 6
1952 1953 5
1953 1954 8
1954 1955 8
1955 1956 6
1956 1957 3
1957 1958 3
1958 1959 5
1959 1960 10
1960 1961 1
1961 1962 10
1962 1963 1
1963 1964 8
1964 1965 9
1965 1966 9
1966 1967 9
1967 1968 4
1968 1969 6
1969 1970 1
1970 1971 5
1971 1972 6
1972 1973 2
1973 1974 2
1974 1975 10
1975 1976 6
1976 1977 1
1977 1978 2
1978 1979 6
1979 1980 2
1980 1981 9
1981 1982 8
1982 1983 4
1983 1984 4
1984 1985 2
1985 1986 9
1986 1987 2
1987 1988 4
1988 1989 7
1989 1990 10
1990 1991 4
1991 1992 10
1992 1993 2
1993 1994 4
1994 1995 1
1995 1996 3
1996 1997 6
1997 1998 5
1998 1999 3
1999 2000 6
2000 2001 9
2001 2002 5
2002 2003 9
2003 2004 2
2004 2005 4
2005 2006 4
2006 2007 1
2007 2008 5
2008 2009 5
2009 2010 2
2010 2011 1
2011 2012 6
2012 2013 2
2013 2014 6
2014 2015 5
2015 2016 6
2016 2017 10
2017 2018 8
2018 2019 3
2019 2020 9
2020 2021 6
2021 2022 9
2022 2023 6
2023 2024 6
2024 2025 8
2025 2026 4
2026 2027 10
2027 2028 8
2028 2029 1
2029 2030 4
2030 2031 10
2031 2032 1
2032 2033 1
2033 2034 1
2034 2035 9
2035 2036 6
2036 2037 7
2037 2038 2
2038 2039 4
2039 2040 3
2040 2041 4
2041 2042 10
2042 2043 6
2043 2044 6
2044 2045 7
2045 2046 5
2046 2047 10
2047 2048 7
2048 2049 4
2049 2050 3
2050 2051 2
2051 2052 10
2052 2053 6
2053 2054 2
2054 2055 2
2055 2056 1
2056 2057 7
2057 2058 5
2058 2059 3
2059 2060 7
2060 2061 5
2061 2062 7
2062 2063 6
2063 2064 2
2064 2065 6
2065 2066 8
2066 2067 5
2067 2068 6
2068 2069 7
2069 2070 5
2070 2071 6
2071 2072 1
2072 2073 2
2073 2074 4
2074 2075 1
2075 2076 10
2076 2077 8
2077 2078 10
2078 2079 6
2079 2080 8
2080 2081 10
2081 2082 2
2082 2083 6
2083 2084 1
2084 2085 8
2085 2086 5
2086 2087 1
2087 2088 6
2088 2089 3
2089 2090 6
2090 2091 7
2091 2092 8
2092 2093 3
2093 2094 10
2094 2095 5
2095 2096 3
2096 2097 2
2097 2098 6
2098 2099 8
2099 2100 9
2100 2101 6
2101 2102 9
2102 2103 10
2103 2104 4
2104 2105 4
2105 2106 6
2106 2107 2
2107 2108 8
2108 2109 3
2109 2110 10
2110 2111 7
2111 2112 9
2112 2113 6
2113 2114 4
2114 2115 2
2115 2116 8
2116 2117 6
2117 2118 6
2118 2119 9
2119 2120 10
2120 2121 9
2121 2122 10
2122 2123 1
2123 2124 7
2124 2125 2
2125 2126 9
2126 2127 10
2127 2128 6
2128 2129 7
2129 2130 8
2130 2131 10
2131 2132 7
2132 2133 6
2133 2134 9
2134 2135 10
2135 2136 5
2136 2137 1
2137 2138 1
2138 2139 10
2139 2140 10
2140 2141 9
2141 2142 10
2142 2143 8
2143 2144 1
2144 2145 7
2145 2146 3
2146 2147 8
2147 2148 6
2148 2149 8
2149 2150 10
2150 2151 4
2151 2152 7
2152 2153 5
2153 2154 1
2154 2155 5
2155 2156 2
2156 2157 8
2157 2158 4
2158 2159 9
2159 2160 1
2160 2161 5
2161 2162 9
2162 2163 3
2163 2164 2
2164 2165 1
2165 2166 6
2166 2167 10
2167 2168 5
2168 2169 6
2169 2170 7
2170 2171 2
2171 2172 5
2172 2173 7
2173 2174 7
2174 2175 6
2175 2176 5
2176 2177 7
2177 2178 5
2178 2179 4
2179 2180 4
2180 2181 3
2181 2182 3
2182 2183 7
2183 2184 9
2184 2185 6
2185 2186 2
2186 2187 3
2187 2188 4
2188 2189 10
2189 2190 10
2190 2191 2
2191 2192 4
2192 2193 9
2193 2194 3
2194 2195 9
2195 2196 10
2196 2197 7
2197 2198 1
2198 2199 7
2199 2200 1
2200 2201 1
2201 2202 3
2202 2203 3
2203 2204 2
2204 2205 4
2205 2206 3
2206 2207 6
2207 2208 2
2208 2209 9
2209 2210 5
2210 2211 4
2211 2212 5
2212 2213 5
2213 2214 10
2214 2215 2
2215 2216 10
2216 2217 5
2217 2218 7
2218 2219 4
2219 2220 1
2220 2221 3
2221 2222 10
2222 2223 4
2223 2224 5
2224 2225 10
2225 2226 10
2226 2227 2
2227 2228 9
2228 2229 1
2229 2230 6
2230 2231 10
2231 2232 4
2232 2233 6
2233 2234 6
2234 2235 8
2235 2236 8
2236 2237 2
2237 2238 1
2238 2239 4
2239 2240 1
2240 2241 6
2241 2242 3
2242 2243 1
2243 2244 2
2244 2245 7
2245 2246 1
2246 2247 4
2247 2248 7
2248 2249 8
2249 2250 1
2250 2251 6
2251 2252 1
2252 2253 3
2253 2254 3
2254 2255 6
2255 2256 4
2256 2257 8
2257 2258 1
2258 2259 8
2259 2260 9
2260 2261 8
2261 2262 4
2262 2263 5
2263 2264 7
2264 2265 1
2265 2266 2
2266 2267 6
2267 2268 4
2268 2269 4
2269 2270 8
2270 2271 4
2271 2272 1
2272 2273 1
2273 2274 10
2274 2275 7
2275 2276 6
2276 2277 2
2277 2278 5
2278 2279 4
2279 2280 3
2280 2281 6
2281 2282 3
2282 2283 1
2283 2284 4
2284 2285 1
2285 2286 5
2286 2287 1
2287 2288 3
2288 2289 10
2289 2290 9
2290 2291 4
2291 2292 6
2292 2293 9
2293 2294 3
2294 2295 9
2295 2296 5
2296 2297 4
2297 2298 5
2298 2299 10
2299 2300 10
2300 2301 1
2301 2302 4
2302 2303 4
2303 2304 5
2304 2305 10
2305 2306 8
2306 2307 5
2307 2308 6
2308 2309 10
2309 2310 3
2310 2311 1
2311 2312 1
2312 2313 2
2313 2314 4
2314 2315 1
2315 2316 8
2316 2317 8
2317 2318 2
2318 2319 9
2319 2320 3
2320 2321 5
2321 2322 10
2322 2323 6
2323 2324 2
2324 2325 8
2325 2326 3
2326 2327 2
2327 2328 3
2328 2329 3
2329 2330 3
2330 2331 1
2331 2332 4
2332 2333 3
2333 2334 5
2334 2335 9
2335 2336 5
2336 2337 3
2337 2338 6
2338 2339 8
2339 2340 6
2340 2341 4
2341 2342 6
2342 2343 9
2343 2344 9
2344 2345 6
2345 2346 7
2346 2347 4
2347 2348 1
2348 2349 7
2349 2350 8
2350 2351 9
2351 2352 2
2352 2353 8
2353 2354 2
2354 2355 6
2355 2356 1
2356 2357 7
2357 2358 8
2358 2359 4
2359 2360 3
2360 2361 1
2361 2362 10
2362 2363 10
2363 2364 8
2364 2365 3
2365 2366 10
2366 2367 10
2367 2368 7
2368 2369 6
2369 2370 5
2370 2371 4
2371 2372 8
2372 2373 6
2373 2374 5
2374 2375 6
2375 2376 1
2376 2377 1
2377 2378 9
2378 2379 5
2379 2380 4
2380 2381 4
2381 2382 10
2382 2383 9
2383 2384 1
2384 2385 9
2385 2386 4
2386 2387 1
2387 2388 4
2388 2389 4
2389 2390 10
2390 2391 1
2391 2392 7
2392 2393 2
2393 2394 7
2394 2395 10
2395 2396 1
2396 2397 5
2397 2398 7
2398 2399 1
2399 2400 4
2400 2401 4
2401 2402 6
2402 2403 2
2403 2404 8
2404 2405 8
2405 2406 6
2406 2407 4
2407 2408 9
2408 2409 10
2409 2410 6
2410 2411 2
2411 2412 10
2412 2413 4
2413 2414 5
2414 2415 6
2415 2416 10
2416 2417 5
2417 2418 9
2418 2419 10
2419 2420 9
2420 2421 7
2421 2422 6
2422 2423 5
2423 2424 7
2424 2425 3
2425 2426 4
2426 2427 10
2427 2428 9
2428 2429 2
2429 2430 6
2430 2431 9
2431 2432 3
2432 2433 6
2433 2434 9
2434 2435 7
2435 2436 10
2436 2437 1
2437 2438 5
2438 2439 1
2439 2440 5
2440 2441 3
2441 2442 8
2442 2443 4
2443 2444 9
2444 2445 2
2445 2446 2
2446 2447 2
2447 2448 1
2448 2449 10
2449 2450 9
2450 2451 8
2451 2452 10
2452 2453 5
2453 2454 1
2454 2455 6
2455 2456 3
2456 2457 4
2457 2458 5
2458 2459 5
2459 2460 1
2460 2461 7
2461 2462 4
2462 2463 9
2463 2464 5
2464 2465 7
2465 2466 2
2466 2467 2
2467 2468 7
2468 2469 5
2469 2470 5
2470 2471 2
2471 2472 1
2472 2473 5
2473 2474 1
2474 2475 7
2475 2476 10
2476 2477 8
2477 2478 7
2478 2479 6
2479 2480 1
2480 2481 7
2481 2482 9
2482 2483 9
2483 2484 1
2484 2485 9
2485 2486 10
2486 2487 3
2487 2488 1
2488 2489 8
2489 2490 2
2490 2491 4
2491 2492 3
2492 2493 6
2493 2494 1
2494 2495 5
2495 2496 4
2496 2497 6
2497 2498 6
2498 2499 9
2499 2500 6
2500 2501 5
2501 2502 3
2502 2503 3
2503 2504 10
2504 2505 2
2505 2506 8
2506 2507 3
2507 2508 4
2508 2509 1
2509 2510 4
2510 2511 4
2511 2512 2
2512 2513 7
2513 2514 10
2514 2515 8
2515 2516 3
2516 2517 6
2517 2518 3
2518 2519 2
2519 2520 8
2520 2521 5
2521 2522 10
2522 2523 1
2523 2524 2
2524 2525 9
2525 2526 8
2526 2527 6
2527 2528 9
2528 2529 10
2529 2530 1
2530 2531 1
2531 2532 9
2532 2533 1
2533 2534 9
2534 2535 8
2535 2536 3
2536 2537 8
2537 2538 6
2538 2539 8
2539 2540 3
2540 2541 9
2541 2542 10
2542 2543 4
2543 2544 4
2544 2545 1
2545 2546 2
2546 2547 9
2547 2548 10
2548 2549 5
2549 2550 6
2550 2551 2
2551 2552 8
2552 2553 1
2553 2554 2
2554 2555 7
2555 2556 10
2556 2557 6
2557 2558 2
2558 2559 1
2559 2560 9
2560 2561 9
2561 2562 3
2562 2563 5
2563 2564 6
2564 2565 8
2565 2566 7
2566 2567 3
2567 2568 8
2568 2569 10
2569 2570 2
2570 2571 8
2571 2572 3
2572 2573 9
2573 2574 7
2574 2575 3
2575 2576 1
2576 2577 7
2577 2578 3
2578 2579 8
2579 2580 6
2580 2581 8
2581 2582 8
2582 2583 10
2583 2584 5
2584 2585 2
2585 2586 7
2586 2587 8
2587 2588 8
2588 2589 10
2589 2590 1
2590 2591 7
2591 2592 10
2592 2593 10
2593 2594 9
2594 2595 9
2595 2596 3
2596 2597 9
2597 2598 6
2598 2599 10
2599 2600 5
2600 2601 4
2601 2602 1
2602 2603 1
2603 2604 1
2604 2605 8
2605 2606 7
2606 2607 8
2607 2608 6
2608 2609 7
2609 2610 2
2610 2611 6
2611 2612 5
2612 2613 2
2613 2614 8
2614 2615 1
2615 2616 9
2616 2617 2
2617 2618 8
2618 2619 4
2619 2620 6
2620 2621 3
2621 2622 5
2622 2623 8
2623 2624 10
2624 2625 8
2625 2626 8
2626 2627 8
2627 2628 5
2628 2629 8
2629 2630 6
2630 2631 9
2631 2632 9
2632 2633 7
2633 2634 6
2634 2635 3
2635 2636 2
2636 2637 4
2637 2638 4
2638 2639 6
2639 2640 8
2640 2641 3
2641 2642 7
2642 2643 3
2643 2644 7
2644 2645 3
2645 2646 7
2646 2647 6
2647 2648 10
2648 2649 4
2649 2650 7
2650 2651 5
2651 2652 1
2652 2653 2
2653 2654 8
2654 2655 8
2655 2656 1
2656 2657 9
2657 2658 10
2658 2659 5
2659 2660 3
2660 2661 8
2661 2662 6
2662 2663 8
2663 2664 1
2664 2665 9
2665 2666 4
2666 2667 9
2667 2668 2
2668 2669 6
2669 2670 9
2670 2671 5
2671 2672 10
2672 2673 7
2673 2674 6
2674 2675 3
2675 2676 8
2676 2677 4
2677 2678 5
2678 2679 4
2679 2680 9
2680 2681 7
2681 2682 7
2682 2683 8
2683 2684 9
2684 2685 9
2685 2686 3
2686 2687 1
2687 2688 5
2688 2689 3
2689 2690 1
2690 2691 8
2691 2692 7
2692 2693 3
2693 2694 7
2694 2695 9
2695 2696 4
2696 2697 8
2697 2698 9
2698 2699 9
2699 2700 8
2700 2701 6
2701 2702 7
2702 2703 4
2703 2704 10
2704 2705 9
2705 2706 9
2706 2707 8
2707 2708 4
2708 2709 7
2709 2710 8
2710 2711 3
2711 2712 10
2712 2713 6
2713 2714 9
2714 2715 8
2715 2716 5
2716 2717 4
2717 2718 7
2718 2719 4
2719 2720 7
2720 2721 7
2721 2722 3
2722 2723 9
2723 2724 1
2724 2725 1
2725 2726 9
2726 2727 4
2727 2728 9
2728 2729 3
2729 2730 10
2730 2731 9
2731 2732 1
2732 2733 10
2733 2734 10
2734 2735 3
2735 2736 10
2736 2737 7
2737 2738 7
2738 2739 7
2739 2740 9
2740 2741 6
2741 2742 10
2742 2743 4
2743 2744 6
2744 2745 8
2745 2746 5
2746 2747 2
2747 2748 1
2748 2749 5
2749 2750 4
2750 2751 10
2751 2752 5
2752 2753 2
2753 2754 9
2754 2755 7
2755 2756 10
2756 2757 2
2757 2758 10
2758 2759 4
2759 2760 7
2760 2761 4
2761 2762 2
2762 2763 3
2763 2764 1
2764 2765 4
2765 2766 3
2766 2767 8
2767 2768 3
2768 2769 8
2769 2770 10
2770 2771 2
2771 2772 3
2772 2773 9
2773 2774 3
2774 2775 8
2775 2776 4
2776 2777 9
2777 2778 3
2778 2779 8
2779 2780 4
2780 2781 6
2781 2782 6
2782 2783 2
2783 2784 6
2784 2785 10
2785 2786 9
2786 2787 6
2787 2788 10
2788 2789 2
2789 2790 5
2790 2791 9
2791 2792 5
2792 2793 5
2793 2794 1
2794 2795 4
2795 2796 8
2796 2797 1
2797 2798 4
2798 2799 3
2799 2800 4
2800 2801 9
2801 2802 10
2802 2803 8
2803 2804 8
2804 2805 1
2805 2806 7
2806 2807 7
2807 2808 1
2808 2809 6
2809 2810 6
2810 2811 9
2811 2812 6
2812 2813 1
2813 2814 1
2814 2815 1
2815 2816 3
2816 2817 5
2817 2818 3
2818 2819 3
2819 2820 7
2820 2821 4
2821 2822 6
2822 2823 4
2823 2824 8
2824 2825 1
2825 2826 2
2826 2827 6
2827 2828 2
2828 2829 6
2829 2830 9
2830 2831 10
2831 2832 5
2832 2833 2
2833 2834 9
2834 2835 6
2835 2836 4
2836 2837 7
2837 2838 3
2838 2839 2
2839 2840 2
2840 2841 1
2841 2842 9
2842 2843 5
2843 2844 8
2844 2845 1
2845 2846 9
2846 2847 6
2847 2848 8
2848 2849 10
2849 2850 10
2850 2851 1
2851 2852 6
2852 2853 10
2853 2854 5
2854 2855 4
2855 2856 2
2856 2857 10
2857 2858 9
2858 2859 5
2859 2860 4
2860 2861 6
2861 2862 3
2862 2863 9
2863 2864 6
2864 2865 2
2865 2866 5
2866 2867 4
2867 2868 9
2868 2869 2
2869 2870 10
2870 2871 8
2871 2872 5
2872 2873 4
2873 2874 3
2874 2875 9
2875 2876 2
2876 2877 2
2877 2878 4
2878 2879 5
2879 2880 4
2880 2881 9
2881 2882 1
2882 2883 8
2883 2884 3
2884 2885 7
2885 2886 3
2886 2887 1
2887 2888 10
2888 2889 2
2889 2890 4
2890 2891 2
2891 2892 2
2892 2893 7
2893 2894 4
2894 2895 9
2895 2896 9
2896 2897 4
2897 2898 4
2898 2899 9
2899 2900 8
2900 2901 8
2901 2902 4
2902 2903 1
2903 2904 3
2904 2905 1
2905 2906 3
2906 2907 3
2907 2908 7
2908 2909 4
2909 2910 1
2910 2911 9
2911 2912 4
2912 2913 1
2913 2914 2
2914 2915 6
2915 2916 5
2916 2917 9
2917 2918 5
2918 2919 6
2919 2920 1
2920 2921 3
2921 2922 9
2922 2923 2
2923 2924 4
2924 2925 10
2925 2926 6
2926 2927 2
2927 2928 10
2928 2929 8
2929 2930 6
2930 2931 10
2931 2932 1
2932 2933 7
2933 2934 2
2934 2935 1
2935 2936 5
2936 2937 4
2937 2938 7
2938 2939 2
2939 2940 9
2940 2941 3
2941 2942 5
2942 2943 4
2943 2944 10
2944 2945 2
2945 2946 6
2946 2947 6
2947 2948 6
2948 2949 3
2949 2950 1
2950 2951 7
2951 2952 4
2952 2953 6
2953 2954 8
2954 2955 8
2955 2956 7
2956 2957 9
2957 2958 9
2958 2959 9
2959 2960 4
2960 2961 7
2961 2962 3
2962 2963 9
2963 2964 2
2964 2965 3
2965 2966 10
2966 2967 4
2967 2968 1
2968 2969 5
2969 2970 7
2970 2971 7
2971 2972 6
2972 2973 1
2973 2974 4
2974 2975 6
2975 2976 9
2976 2977 10
2977 2978 2
2978 2979 5
2979 2980 10
2980 2981 6
2981 2982 10
2982 2983 3
2983 2984 1
2984 2985 6
2985 2986 3
2986 2987 7
2987 2988 3
2988 2989 3
2989 2990 3
2990 2991 10
2991 2992 8
2992 2993 2
2993 2994 9
2994 2995 6
2995 2996 1
2996 2997 2
2997 2998 2
2998 2999 2
2999 3000 10
3000 3001 9
3001 3002 3
3002 3003 4
3003 3004 7
3004 3005 10
3005 3006 8
3006 3007 6
3007 3008 3
3008 3009 4
3009 3010 9
3010 3011 6
3011 3012 3
3012 3013 2
3013 3014 4
3014 3015 9
3015 3016 7
3016 3017 2
3017 3018 5
3018 3019 9
3019 3020 4
3020 3021 1
3021 3022 9
3022 3023 3
3023 3024 3
3024 3025 2
3025 3026 7
3026 3027 6
3027 3028 1
3028 3029 1
3029 3030 7
3030 3031 3
3031 3032 8
3032 3033 4
3033 3034 7
3034 3035 5
3035 3036 2
3036 3037 8
3037 3038 7
3038 3039 8
3039 3040 2
3040 3041 1
3041 3042 3
3042 3043 1
3043 3044 8
3044 3045 3
3045 3046 10
3046 3047 3
3047 3048 7
3048 3049 4
3049 3050 2
3050 3051 6
3051 3052 7
3052 3053 9
3053 3054 9
3054 3055 10
3055 3056 5
3056 3057 4
3057 3058 1
3058 3059 5
3059 3060 4
3060 3061 1
3061 3062 9
3062 3063 4
3063 3064 2
3064 3065 7
3065 3066 2
3066 3067 9
3067 3068 4
3068 3069 4
3069 3070 5
3070 3071 4
3071 3072 9
3072 3073 10
3073 3074 5
3074 3075 7
3075 3076 10
3076 3077 6
3077 3078 5
3078 3079 4
3079 3080 10
3080 3081 9
3081 3082 9
3082 3083 5
3083 3084 1
3084 3085 7
3085 3086 2
3086 3087 10
3087 3088 6
3088 3089 9
3089 3090 8
3090 3091 1
3091 3092 3
3092 3093 6
3093 3094 7
3094 3095 5
3095 3096 6
3096 3097 3
3097 3098 9
3098 3099 2
3099 3100 10
3100 3101 4
3101 3102 8
3102 3103 1
3103 3104 1
3104 3105 4
3105 3106 10
3106 3107 3
3107 3108 6
3108 3109 4
3109 3110 10
3110 3111 3
3111 3112 6
3112 3113 3
3113 3114 8
3114 3115 5
3115 3116 10
3116 3117 10
3117 3118 2
3118 3119 6
3119 3120 10
3120 3121 2
3121 3122 3
3122 3123 4
3123 3124 8
3124 3125 7
3125 3126 10
3126 3127 5
3127 3128 5
3128 3129 3
3129 3130 6
3130 3131 6
3131 3132 2
3132 3133 9
3133 3134 5
3134 3135 5
3135 3136 9
3136 3137 2
3137 3138 3
3138 3139 5
3139 3140 2
3140 3141 9
3141 3142 1
3142 3143 2
3143 3144 8
3144 3145 7
3145 3146 6
3146 3147 6
3147 3148 7
3148 3149 3
3149 3150 7
3150 3151 7
3151 3152 1
3152 3153 5
3153 3154 4
3154 3155 6
3155 3156 1
3156 3157 4
3157 3158 1
3158 3159 8
3159 3160 9
3160 3161 10
3161 3162 6
3162 3163 6
3163 3164 1
3164 3165 3
3165 3166 3
3166 3167 2
3167 3168 1
3168 3169 4
3169 3170 1
3170 3171 9
3171 3172 4
3172 3173 5
3173 3174 2
3174 3175 4
3175 3176 6
3176 3177 4
3177 3178 7
3178 3179 8
3179 3180 5
3180 3181 8
3181 3182 8
3182 3183 10
3183 3184 4
3184 3185 9
3185 3186 9
3186 3187 6
3187 3188 5
3188 3189 6
3189 3190 6
3190 3191 9
3191 3192 4
3192 3193 1
3193 3194 4
3194 3195 6
3195 3196 10
3196 3197 7
3197 3198 8
3198 3199 4
3199 3200 4
3200 3201 8
3201 3202 2
3202 3203 2
3203 3204 9
3204 3205 5
3205 3206 4
3206 3207 4
3207 3208 6
3208 3209 3
3209 3210 2
3210 3211 6
3211 3212 9
3212 3213 6
3213 3214 3
3214 3215 7
3215 3216 9
3216 3217 1
3217 3218 3
3218 3219 10
3219 3220 6
3220 3221 9
3221 3222 5
3222 3223 9
3223 3224 2
3224 3225 7
3225 3226 6
3226 3227 5
3227 3228 10
3228 3229 2
3229 3230 3
3230 3231 10
3231 3232 3
3232 3233 7
3233 3234 3
3234 3235 10
3235 3236 4
3236 3237 9
3237 3238 5
3238 3239 8
3239 3240 2
3240 3241 6
3241 3242 7
3242 3243 1
3243 3244 4
3244 3245 1
3245 3246 2
3246 3247 3
3247 3248 7
3248 3249 1
3249 3250 10
3250 3251 4
3251 3252 10
3252 3253 7
3253 3254 3
3254 3255 3
3255 3256 4
3256 3257 6
3257 3258 6
3258 3259 2
3259 3260 10
3260 3261 10
3261 3262 9
3262 3263 3
3263 3264 7
3264 3265 1
3265 3266 2
3266 3267 10
3267 3268 5
3268 3269 2
3269 3270 10
3270 3271 3
3271 3272 4
3272 3273 2
3273 3274 2
3274 3275 4
3275 3276 5
3276 3277 3
3277 3278 6
3278 3279 7
3279 3280 9
3280 3281 7
3281 3282 9
3282 3283 6
3283 3284 3
3284 3285 6
3285 3286 8
3286 3287 1
3287 3288 7
3288 3289 2
3289 3290 4
3290 3291 8
3291 3292 8
3292 3293 7
3293 3294 2
3294 3295 1
3295 3296 8
3296 3297 4
3297 3298 2
3298 3299 3
3299 3300 6
3300 3301 1
3301 3302 9
3302 3303 5
3303 3304 10
3304 3305 1
3305 3306 3
3306 3307 6
3307 3308 9
3308 3309 2
3309 3310 3
3310 3311 3
3311 3312 6
3312 3313 1
3313 3314 6
3314 3315 2
3315 3316 5
3316 3317 10
3317 3318 5
3318 3319 5
3319 3320 1
3320 3321 1
3321 3322 9
3322 3323 1
3323 3324 2
3324 3325 2
3325 3326 10
3326 3327 7
3327 3328 1
3328 3329 7
3329 3330 1
3330 3331 4
3331 3332 10
3332 3333 6
3333 3334 2
3334 3335 1
3335 3336 8
3336 3337 9
3337 3338 9
3338 3339 8
3339 3340 10
3340 3341 8
3341 3342 3
3342 3343 4
3343 3344 1
3344 3345 1
3345 3346 5
3346 3347 2
3347 3348 5
3348 3349 5
3349 3350 9
3350 3351 4
3351 3352 2
3352 3353 6
3353 3354 9
3354 3355 4
3355 3356 5
3356 3357 5
3357 3358 3
3358 3359 2
3359 3360 8
3360 3361 7
3361 3362 1
3362 3363 2
3363 3364 7
3364 3365 8
3365 3366 8
3366 3367 4
3367 3368 7
3368 3369 6
3369 3370 2
3370 3371 7
3371 3372 1
3372 3373 2
3373 3374 7
3374 3375 7
3375 3376 5
3376 3377 4
3377 3378 4
3378 3379 2
3379 3380 8
3380 3381 3
3381 3382 4
3382 3383 3
3383 3384 2
3384 3385 6
3385 3386 8
3386 3387 4
3387 3388 2
3388 3389 1
3389 3390 4
3390 3391 2
3391 3392 9
3392 3393 2
3393 3394 4
3394 3395 3
3395 3396 2
3396 3397 3
3397 3398 1
3398 3399 4
3399 3400 10
3400 3401 2
3401 3402 4
3402 3403 6
3403 3404 2
3404 3405 8
3405 3406 8
3406 3407 1
3407 3408 8
3408 3409 1
3409 3410 10
3410 3411 8
3411 3412 10
3412 3413 5
3413 3414 9
3414 3415 4
3415 3416 5
3416 3417 4
3417 3418 7
3418 3419 9
3419 3420 8
3420 3421 6
3421 3422 6
3422 3423 6
3423 3424 6
3424 3425 9
3425 3426 1
3426 3427 10
3427 3428 2
3428 3429 4
3429 3430 6
3430 3431 1
3431 3432 8
3432 3433 3
3433 3434 7
3434 3435 1
3435 3436 1
3436 3437 7
3437 3438 4
3438 3439 9
3439 3440 9
3440 3441 1
3441 3442 8
3442 3443 7
3443 3444 4
3444 3445 10
3445 3446 10
3446 3447 2
3447 3448 3
3448 3449 5
3449 3450 10
3450 3451 3
3451 3452 2
3452 3453 4
3453 3454 1
3454 3455 2
3455 3456 4
3456 3457 8
3457 3458 6
3458 3459 2
3459 3460 4
3460 3461 7
3461 3462 9
3462 3463 3
3463 3464 3
3464 3465 7
3465 3466 6
3466 3467 1
3467 3468 4
3468 3469 4
3469 3470 4
3470 3471 9
3471 3472 10
3472 3473 5
3473 3474 4
3474 3475 5
3475 3476 5
3476 3477 8
3477 3478 1
3478 3479 5
3479 3480 10
3480 3481 7
3481 3482 4
3482 3483 5
3483 3484 5
3484 3485 1
3485 3486 8
3486 3487 3
3487 3488 5
3488 3489 8
3489 3490 7
3490 3491 1
3491 3492 8
3492 3493 9
3493 3494 8
3494 3495 5
3495 3496 4
3496 3497 3
3497 3498 3
3498 3499 6
3499 3500 2
3500 3501 3
3501 3502 9
3502 3503 3
3503 3504 7
3504 3505 8
3505 3506 6
3506 3507 1
3507 3508 1
3508 3509 5
3509 3510 2
3510 3511 4
3511 3512 7
3512 3513 9
3513 3514 1
3514 3515 6
3515 3516 1
3516 3517 1
3517 3518 9
3518 3519 6
3519 3520 8
3520 3521 2
3521 3522 2
3522 3523 5
3523 3524 9
3524 3525 7
3525 3526 7
3526 3527 9
3527 3528 10
3528 3529 8
3529 3530 5
3530 3531 3
3531 3532 2
3532 3533 1
3533 3534 3
3534 3535 8
3535 3536 7
3536 3537 7
3537 3538 3
3538 3539 7
3539 3540 7
3540 3541 1
3541 3542 5
3542 3543 2
3543 3544 5
3544 3545 3
3545 3546 9
3546 3547 3
3547 3548 8
3548 3549 6
3549 3550 5
3550 3551 10
3551 3552 9
3552 3553 10
3553 3554 6
3554 3555 6
3555 3556 4
3556 3557 1
3557 3558 3
3558 3559 1
3559 3560 9
3560 3561 1
3561 3562 2
3562 3563 8
3563 3564 4
3564 3565 7
3565 3566 10
3566 3567 5
3567 3568 1
3568 3569 2
3569 3570 8
3570 3571 4
3571 3572 3
3572 3573 1
3573 3574 4
3574 3575 7
3575 3576 5
3576 3577 7
3577 3578 7
3578 3579 9
3579 3580 9
3580 3581 7
3581 3582 10
3582 3583 7
3583 3584 5
3584 3585 7
3585 3586 10
3586 3587 7
3587 3588 1
3588 3589 3
3589 3590 6
3590 3591 7
3591 3592 5
3592 3593 6
3593 3594 7
3594 3595 7
3595 3596 4
3596 3597 3
3597 3598 10
3598 3599 1
3599 3600 6
3600 3601 1
3601 3602 9
3602 3603 3
3603 3604 8
3604 3605 10
3605 3606 3
3606 3607 3
3607 3608 8
3608 3609 9
3609 3610 4
3610 3611 2
3611 3612 1
3612 3613 7
3613 3614 4
3614 3615 10
3615 3616 8
3616 3617 6
3617 3618 8
3618 3619 3
3619 3620 7
3620 3621 7
3621 3622 8
3622 3623 7
3623 3624 3
3624 3625 9
3625 3626 7
3626 3627 10
3627 3628 1
3628 3629 8
3629 3630 1
3630 3631 6
3631 3632 7
3632 3633 4
3633 3634 5
3634 3635 5
3635 3636 5
3636 3637 4
3637 3638 4
3638 3639 4
3639 3640 9
3640 3641 5
3641 3642 5
3642 3643 2
3643 3644 4
3644 3645 8
3645 3646 6
3646 3647 3
3647 3648 3
3648 3649 1
3649 3650 7
3650 3651 8
3651 3652 5
3652 3653 10
3653 3654 1
3654 3655 7
3655 3656 5
3656 3657 9
3657 3658 9
3658 3659 7
3659 3660 5
3660 3661 5
3661 3662 5
3662 3663 4
3663 3664 10
3664 3665 10
3665 3666 2
3666 3667 5
3667 3668 7
3668 3669 4
3669 3670 5
3670 3671 1
3671 3672 3
3672 3673 3
3673 3674 7
3674 3675 7
3675 3676 10
3676 3677 1
3677 3678 7
3678 3679 1
3679 3680 2
3680 3681 3
3681 3682 4
3682 3683 10
3683 3684 10
3684 3685 4
3685 3686 3
3686 3687 10
3687 3688 3
3688 3689 2
3689 3690 8
3690 3691 7
3691 3692 5
3692 3693 1
3693 3694 9
3694 3695 1
3695 3696 6
3696 3697 10
3697 3698 2
3698 3699 5
3699 3700 7
3700 3701 10
3701 3702 9
3702 3703 6
3703 3704 7
3704 3705 7
3705 3706 10
3706 3707 9
3707 3708 8
3708 3709 5
3709 3710 5
3710 3711 8
3711 3712 9
3712 3713 7
3713 3714 7
3714 3715 3
3715 3716 3
3716 3717 8
3717 3718 10
3718 3719 2
3719 3720 1
3720 3721 4
3721 3722 7
3722 3723 9
3723 3724 7
3724 3725 8
3725 3726 7
3726 3727 7
3727 3728 10
3728 3729 1
3729 3730 5
3730 3731 9
3731 3732 6
3732 3733 4
3733 3734 2
3734 3735 2
3735 3736 9
3736 3737 4
3737 3738 8
3738 3739 6
3739 3740 8
3740 3741 5
3741 3742 1
3742 3743 2
3743 3744 4
3744 3745 3
3745 3746 5
3746 3747 3
3747 3748 4
3748 3749 2
3749 3750 6
3750 3751 7
3751 3752 10
3752 3753 10
3753 3754 2
3754 3755 4
3755 3756 3
3756 3757 4
3757 3758 8
3758 3759 7
3759 3760 8
3760 3761 3
3761 3762 4
3762 3763 7
3763 3764 6
3764 3765 4
3765 3766 6
3766 3767 5
3767 3768 4
3768 3769 1
3769 3770 1
3770 3771 2
3771 3772 2
3772 3773 7
3773 3774 3
3774 3775 8
3775 3776 8
3776 3777 3
3777 3778 8
3778 3779 10
3779 3780 10
3780 3781 7
3781 3782 9
3782 3783 7
3783 3784 10
3784 3785 9
3785 3786 4
3786 3787 5
3787 3788 9
3788 3789 3
3789 3790 10
3790 3791 2
3791 3792 8
3792 3793 4
3793 3794 5
3794 3795 8
3795 3796 3
3796 3797 6
3797 3798 6
3798 3799 4
3799 3800 7
3800 3801 1
3801 3802 9
3802 3803 9
3803 3804 9
3804 3805 2
3805 3806 5
3806 3807 4
3807 3808 6
3808 3809 1
3809 3810 8
3810 3811 5
3811 3812 7
3812 3813 10
3813 3814 1
3814 3815 8
3815 3816 5
3816 3817 10
3817 3818 6
3818 3819 8
3819 3820 1
3820 3821 6
3821 3822 9
3822 3823 8
3823 3824 6
3824 3825 1
3825 3826 4
3826 3827 8
3827 3828 6
3828 3829 6
3829 3830 5
3830 3831 10
3831 3832 1
3832 3833 7
3833 3834 3
3834 3835 8
3835 3836 9
3836 3837 5
3837 3838 1
3838 3839 10
3839 3840 10
3840 3841 5
3841 3842 10
3842 3843 7
3843 3844 2
3844 3845 5
3845 3846 5
3846 3847 6
3847 3848 7
3848 3849 5
3849 3850 7
3850 3851 5
3851 3852 2
3852 3853 8
3853 3854 5
3854 3855 10
3855 3856 1
3856 3857 7
3857 3858 2
3858 3859 5
3859 3860 4
3860 3861 9
3861 3862 8
3862 3863 8
3863 3864 9
3864 3865 5
3865 3866 3
3866 3867 6
3867 3868 7
3868 3869 10
3869 3870 4
3870 3871 1
3871 3872 3
3872 3873 2
3873 3874 4
3874 3875 2
3875 3876 6
3876 3877 10
3877 3878 3
3878 3879 5
3879 3880 4
3880 3881 4
3881 3882 1
3882 3883 10
3883 3884 9
3884 3885 8
3885 3886 10
3886 3887 5
3887 3888 8
3888 3889 10
3889 3890 8
3890 3891 5
3891 3892 5
3892 3893 2
3893 3894 3
3894 3895 2
3895 3896 8
3896 3897 7
3897 3898 7
3898 3899 5
3899 3900 6
3900 3901 9
3901 3902 7
3902 3903 7
3903 3904 5
3904 3905 3
3905 3906 9
3906 3907 6
3907 3908 2
3908 3909 6
3909 3910 10
3910 3911 9
3911 3912 1
3912 3913 2
3913 3914 8
3914 3915 10
3915 3916 10
3916 3917 1
3917 3918 8
3918 3919 6
3919 3920 7
3920 3921 5
3921 3922 6
3922 3923 8
3923 3924 10
3924 3925 8
3925 3926 4
3926 3927 2
3927 3928 8
3928 3929 9
3929 3930 1
3930 3931 8
3931 3932 9
3932 3933 7
3933 3934 4
3934 3935 9
3935 3936 8
3936 3937 6
3937 3938 6
3938 3939 10
3939 3940 5
3940 3941 8
3941 3942 1
3942 3943 6
3943 3944 10
3944 3945 10
3945 3946 1
3946 3947 8
3947 3948 1
3948 3949 9
3949 3950 7
3950 3951 9
3951 3952 7
3952 3953 9
3953 3954 4
3954 3955 3
3955 3956 4
3956 3957 1
3957 3958 4
3958 3959 4
3959 3960 3
3960 3961 7
3961 3962 7
3962 3963 4
3963 3964 9
3964 3965 3
3965 3966 4
3966 3967 2
3967 3968 6
3968 3969 3
3969 3970 4
3970 3971 10
3971 3972 2
3972 3973 5
3973 3974 10
3974 3975 3
3975 3976 5
3976 3977 2
3977 3978 6
3978 3979 2
3979 3980 10
3980 3981 7
3981 3982 8
3982 3983 6
3983 3984 7
3984 3985 1
3985 3986 9
3986 3987 8
3987 3988 9
3988 3989 5
3989 3990 8
3990 3991 5
3991 3992 2
3992 3993 4
3993 3994 6
3994 3995 3
3995 3996 1
3996 3997 6
3997 3998 9
3998 3999 10
3999 4000 1
4000 4001 10
4001 4002 4
4002 4003 2
4003 4004 10
4004 4005 1
4005 4006 6
4006 4007 3
4007 4008 2
4008 4009 8
4009 4010 10
4010 4011 3
4011 4012 4
4012 4013 7
4013 4014 7
4014 4015 9
4015 4016 9
4016 4017 5
4017 4018 3
4018 4019 8
4019 4020 8
4020 4021 5
4021 4022 7
4022 4023 3
4023 4024 1
4024 4025 9
4025 4026 5
4026 4027 8
4027 4028 5
4028 4029 6
4029 4030 1
4030 4031 8
4031 4032 7
4032 4033 5
4033 4034 7
4034 4035 8
4035 4036 6
4036 4037 10
4037 4038 7
4038 4039 2
4039 4040 6
4040 4041 4
4041 4042 4
4042 4043 2
4043 4044 4
4044 4045 10
4045 4046 5
4046 4047 1
4047 4048 10
4048 4049 10
4049 4050 1
4050 4051 6
4051 4052 7
4052 4053 5
4053 4054 8
4054 4055 5
4055 4056 2
4056 4057 2
4057 4058 10
4058 4059 3
4059 4060 10
4060 4061 1
4061 4062 3
4062 4063 2
4063 4064 6
4064 4065 2
4065 4066 9
4066 4067 1
4067 4068 6
4068 4069 10
4069 4070 10
4070 4071 9
4071 4072 1
4072 4073 4
4073 4074 8
4074 4075 4
4075 4076 5
4076 4077 9
4077 4078 2
4078 4079 4
4079 4080 2
4080 4081 5
4081 4082 3
4082 4083 2
4083 4084 9
4084 4085 7
4085 4086 7
4086 4087 5
4087 4088 8
4088 4089 9
4089 4090 9
4090 4091 7
4091 4092 9
4092 4093 6
4093 4094 7
4094 4095 4
4095 4096 10
4096 4097 8
4097 4098 9
4098 4099 3
4099 4100 5
4100 4101 5
4101 4102 1
4102 4103 3
4103 4104 5
4104 4105 7
4105 4106 5
4106 4107 3
4107 4108 10
4108 4109 3
4109 4110 2
4110 4111 1
4111 4112 5
4112 4113 8
4113 4114 2
4114 4115 5
4115 4116 4
4116 4117 4
4117 4118 3
4118 4119 8
4119 4120 9
4120 4121 5
4121 4122 7
4122 4123 2
4123 4124 6
4124 4125 2
4125 4126 4
4126 4127 3
4127 4128 4
4128 4129 7
4129 4130 8
4130 4131 6
4131 4132 3
4132 4133 5
4133 4134 2
4134 4135 2
4135 4136 2
4136 4137 4
4137 4138 1
4138 4139 1
4139 4140 3
4140 4141 6
4141 4142 4
4142 4143 9
4143 4144 1
4144 4145 4
4145 4146 1
4146 4147 6
4147 4148 1
4148 4149 4
4149 4150 4
4150 4151 9
4151 4152 8
4152 4153 4
4153 4154 5
4154 4155 8
4155 4156 9
4156 4157 8
4157 4158 9
4158 4159 8
4159 4160 7
4160 4161 5
4161 4162 5
4162 4163 1
4163 4164 3
4164 4165 2
4165 4166 4
4166 4167 9
4167 4168 3
4168 4169 10
4169 4170 2
4170 4171 8
4171 4172 4
4172 4173 6
4173 4174 2
4174 4175 3
4175 4176 10
4176 4177 2
4177 4178 3
4178 4179 8
4179 4180 7
4180 4181 4
4181 4182 6
4182 4183 5
4183 4184 2
4184 4185 6
4185 4186 6
4186 4187 9
4187 4188 7
4188 4189 4
4189 4190 6
4190 4191 1
4191 4192 10
4192 4193 7
4193 4194 6
4194 4195 9
4195 4196 1
4196 4197 5
4197 4198 8
4198 4199 1
4199 4200 4
4200 4201 8
4201 4202 1
4202 4203 1
4203 4204 8
4204 4205 9
4205 4206 9
4206 4207 1
4207 4208 7
4208 4209 3
4209 4210 9
4210 4211 4
4211 4212 8
4212 4213 7
4213 4214 5
4214 4215 10
4215 4216 4
4216 4217 4
4217 4218 6
4218 4219 7
4219 4220 2
4220 4221 6
4221 4222 2
4222 4223 8
4223 4224 9
4224 4225 8
4225 4226 10
4226 4227 8
4227 4228 6
4228 4229 10
4229 4230 10
4230 4231 6
4231 4232 9
4232 4233 2
4233 4234 5
4234 4235 3
4235 4236 3
4236 4237 7
4237 4238 8
4238 4239 9
4239 4240 2
4240 4241 2
4241 4242 5
4242 4243 4
4243 4244 3
4244 4245 2
4245 4246 4
4246 4247 3
4247 4248 6
4248 4249 10
4249 4250 3
4250 4251 5
4251 4252 9
4252 4253 7
4253 4254 8
4254 4255 8
4255 4256 1
4256 4257 9
4257 4258 2
4258 4259 1
4259 4260 2
4260 4261 9
4261 4262 7
4262 4263 8
4263 4264 7
4264 4265 4
4265 4266 6
4266 4267 3
4267 4268 3
4268 4269 2
4269 4270 5
4270 4271 7
4271 4272 6
4272 4273 3
4273 4274 10
4274 4275 9
4275 4276 1
4276 4277 6
4277 4278 8
4278 4279 10
4279 4280 10
4280 4281 5
4281 4282 6
4282 4283 1
4283 4284 10
4284 4285 4
4285 4286 9
4286 4287 9
4287 4288 5
4288 4289 9
4289 4290 7
4290 4291 4
4291 4292 6
4292 4293 1
4293 4294 9
4294 4295 10
4295 4296 5
4296 4297 10
4297 4298 5
4298 4299 5
4299 4300 1
4300 4301 7
4301 4302 6
4302 4303 8
4303 4304 4
4304 4305 6
4305 4306 9
4306 4307 1
4307 4308 1
4308 4309 2
4309 4310 3
4310 4311 10
4311 4312 4
4312 4313 6
4313 4314 4
4314 4315 6
4315 4316 7
4316 4317 1
4317 4318 9
4318 4319 2
4319 4320 7
4320 4321 2
4321 4322 4
4322 4323 2
4323 4324 4
4324 4325 4
4325 4326 2
4326 4327 7
4327 4328 2
4328 4329 2
4329 4330 3
4330 4331 6
4331 4332 7
4332 4333 2
4333 4334 6
4334 4335 8
4335 4336 5
4336 4337 4
4337 4338 6
4338 4339 9
4339 4340 8
4340 4341 5
4341 4342 8
4342 4343 10
4343 4344 1
4344 4345 3
4345 4346 7
4346 4347 3
4347 4348 1
4348 4349 7
4349 4350 10
4350 4351 3
4351 4352 8
4352 4353 5
4353 4354 4
4354 4355 4
4355 4356 3
4356 4357 2
4357 4358 5
4358 4359 10
4359 4360 2
4360 4361 5
4361 4362 2
4362 4363 6
4363 4364 2
4364 4365 6
4365 4366 5
4366 4367 10
4367 4368 1
4368 4369 3
4369 4370 1
4370 4371 7
4371 4372 2
4372 4373 3
4373 4374 10
4374 4375 1
4375 4376 8
4376 4377 7
4377 4378 3
4378 4379 9
4379 4380 4
4380 4381 9
4381 4382 7
4382 4383 2
4383 4384 4
4384 4385 2
4385 4386 7
4386 4387 4
4387 4388 5
4388 4389 3
4389 4390 2
4390 4391 4
4391 4392 8
4392 4393 8
4393 4394 8
4394 4395 5
4395 4396 7
4396 4397 6
4397 4398 2
4398 4399 5
4399 4400 1
4400 4401 1
4401 4402 9
4402 4403 5
4403 4404 3
4404 4405 7
4405 4406 1
4406 4407 1
4407 4408 9
4408 4409 1
4409 4410 3
4410 4411 8
4411 4412 8
4412 4413 8
4413 4414 10
4414 4415 10
4415 4416 4
4416 4417 6
4417 4418 1
4418 4419 8
4419 4420 10
4420 4421 9
4421 4422 6
4422 4423 9
4423 4424 7
4424 4425 7
4425 4426 1
4426 4427 4
4427 4428 1
4428 4429 5
4429 4430 6
4430 4431 4
4431 4432 5
4432 4433 1
4433 4434 9
4434 4435 3
4435 4436 8
4436 4437 7
4437 4438 2
4438 4439 4
4439 4440 9
4440 4441 9
4441 4442 10
4442 4443 7
4443 4444 5
4444 4445 7
4445 4446 1
4446 4447 10
4447 4448 5
4448 4449 1
4449 4450 4
4450 4451 2
4451 4452 9
4452 4453 2
4453 4454 5
4454 4455 4
4455 4456 10
4456 4457 6
4457 4458 9
4458 4459 7
4459 4460 9
4460 4461 7
4461 4462 7
4462 4463 1
4463 4464 10
4464 4465 8
4465 4466 9
4466 4467 4
4467 4468 10
4468 4469 7
4469 4470 2
4470 4471 5
4471 4472 2
4472 4473 5
4473 4474 4
4474 4475 1
4475 4476 10
4476 4477 9
4477 4478 7
4478 4479 7
4479 4480 6
4480 4481 8
4481 4482 9
4482 4483 4
4483 4484 6
4484 4485 2
4485 4486 5
4486 4487 10
4487 4488 10
4488 4489 3
4489 4490 3
4490 4491 9
4491 4492 3
4492 4493 2
4493 4494 10
4494 4495 4
4495 4496 3
4496 4497 4
4497 4498 5
4498 4499 1
4499 4500 8
4500 4501 10
4501 4502 4
4502 4503 10
4503 4504 7
4504 4505 1
4505 4506 4
4506 4507 6
4507 4508 10
4508 4509 1
4509 4510 7
4510 4511 8
4511 4512 1
4512 4513 9
4513 4514 3
4514 4515 9
4515 4516 8
4516 4517 4
4517 4518 5
4518 4519 1
4519 4520 8
4520 4521 9
4521 4522 6
4522 4523 5
4523 4524 6
4524 4525 8
4525 4526 5
4526 4527 5
4527 4528 10
4528 4529 3
4529 4530 5
4530 4531 7
4531 4532 7
4532 4533 7
4533 4534 2
4534 4535 10
4535 4536 5
4536 4537 4
4537 4538 8
4538 4539 4
4539 4540 4
4540 4541 6
4541 4542 3
4542 4543 6
4543 4544 1
4544 4545 4
4545 4546 5
4546 4547 4
4547 4548 3
4548 4549 4
4549 4550 6
4550 4551 10
4551 4552 10
4552 4553 8
4553 4554 4
4554 4555 4
4555 4556 3
4556 4557 4
4557 4558 9
4558 4559 1
4559 4560 5
4560 4561 2
4561 4562 2
4562 4563 9
4563 4564 1
4564 4565 7
4565 4566 9
4566 4567 5
4567 4568 7
4568 4569 1
4569 4570 5
4570 4571 6
4571 4572 9
4572 4573 10
4573 4574 1
4574 4575 8
4575 4576 6
4576 4577 1
4577 4578 5
4578 4579 5
4579 4580 5
4580 4581 1
4581 4582 9
4582 4583 9
4583 4584 10
4584 4585 7
4585 4586 10
4586 4587 3
4587 4588 6
4588 4589 9
4589 4590 9
4590 4591 1
4591 4592 5
4592 4593 10
4593 4594 7
4594 4595 2
4595 4596 5
4596 4597 6
4597 4598 8
4598 4599 6
4599 4600 10
4600 4601 3
4601 4602 7
4602 4603 2
4603 4604 3
4604 4605 8
4605 4606 1
4606 4607 3
4607 4608 2
4608 4609 4
4609 4610 8
4610 4611 7
4611 4612 7
4612 4613 3
4613 4614 1
4614 4615 2
4615 4616 2
4616 4617 10
4617 4618 9
4618 4619 9
4619 4620 3
4620 4621 6
4621 4622 8
4622 4623 1
4623 4624 6
4624 4625 5
4625 4626 9
4626 4627 1
4627 4628 9
4628 4629 3
4629 4630 4
4630 4631 7
4631 4632 8
4632 4633 5
4633 4634 10
4634 4635 9
4635 4636 3
4636 4637 5
4637 4638 9
4638 4639 9
4639 4640 1
4640 4641 10
4641 4642 1
4642 4643 9
4643 4644 10
4644 4645 2
4645 4646 8
4646 4647 9
4647 4648 9
4648 4649 8
4649 4650 10
4650 4651 3
4651 4652 1
4652 4653 7
4653 4654 7
4654 4655 8
4655 4656 2
4656 4657 2
4657 4658 5
4658 4659 3
4659 4660 10
4660 4661 8
4661 4662 10
4662 4663 6
4663 4664 7
4664 4665 4
4665 4666 6
4666 4667 2
4667 4668 2
4668 4669 10
4669 4670 8
4670 4671 3
4671 4672 8
4672 4673 6
4673 4674 1
4674 4675 6
4675 4676 6
4676 4677 3
4677 4678 1
4678 4679 10
4679 4680 3
4680 4681 9
4681 4682 6
4682 4683 1
4683 4684 5
4684 4685 10
4685 4686 10
4686 4687 10
4687 4688 2
4688 4689 10
4689 4690 7
4690 4691 1
4691 4692 9
4692 4693 5
4693 4694 9
4694 4695 5
4695 4696 10
4696 4697 3
4697 4698 2
4698 4699 6
4699 4700 2
4700 4701 3
4701 4702 1
4702 4703 1
4703 4704 9
4704 4705 2
4705 4706 8
4706 4707 9
4707 4708 9
4708 4709 9
4709 4710 6
4710 4711 7
4711 4712 1
4712 4713 7
4713 4714 1
4714 4715 1
4715 4716 3
4716 4717 4
4717 4718 6
4718 4719 9
4719 4720 2
4720 4721 4
4721 4722 7
4722 4723 7
4723 4724 9
4724 4725 4
4725 4726 3
4726 4727 5
4727 4728 8
4728 4729 3
4729 4730 5
4730 4731 3
4731 4732 2
4732 4733 1
4733 4734 10
4734 4735 6
4735 4736 10
4736 4737 4
4737 4738 1
4738 4739 5
4739 4740 1
4740 4741 2
4741 4742 10
4742 4743 9
4743 4744 4
4744 4745 7
4745 4746 9
4746 4747 9
4747 4748 8
4748 4749 5
4749 4750 4
4750 4751 9
4751 4752 3
4752 4753 10
4753 4754 7
4754 4755 8
4755 4756 2
4756 4757 1
4757 4758 5
4758 4759 6
4759 4760 2
4760 4761 10
4761 4762 1
4762 4763 5
4763 4764 10
4764 4765 6
4765 4766 6
4766 4767 2
4767 4768 9
4768 4769 10
4769 4770 2
4770 4771 8
4771 4772 7
4772 4773 4
4773 4774 9
4774 4775 3
4775 4776 5
4776 4777 10
4777 4778 9
4778 4779 7
4779 4780 5
4780 4781 1
4781 4782 4
4782 4783 3
4783 4784 3
4784 4785 10
4785 4786 1
4786 4787 5
4787 4788 6
4788 4789 9
4789 4790 4
4790 4791 7
4791 4792 1
4792 4793 1
4793 4794 7
4794 4795 4
4795 4796 6
4796 4797 5
4797 4798 4
4798 4799 8
4799 4800 4
4800 4801 9
4801 4802 8
4802 4803 5
4803 4804 4
4804 4805 6
4805 4806 7
4806 4807 3
4807 4808 9
4808 4809 8
4809 4810 3
4810 4811 3
4811 4812 10
4812 4813 5
4813 4814 9
4814 4815 2
4815 4816 2
4816 4817 10
4817 4818 7
4818 4819 3
4819 4820 9
4820 4821 9
4821 4822 9
4822 4823 5
4823 4824 8
4824 4825 4
4825 4826 9
4826 4827 1
4827 4828 10
4828 4829 10
4829 4830 7
4830 4831 5
4831 4832 5
4832 4833 6
4833 4834 7
4834 4835 5
4835 4836 6
4836 4837 8
4837 4838 2
4838 4839 9
4839 4840 1
4840 4841 5
4841 4842 10
4842 4843 9
4843 4844 1
4844 4845 8
4845 4846 2
4846 4847 1
4847 4848 5
4848 4849 1
4849 4850 9
4850 4851 7
4851 4852 9
4852 4853 6
4853 4854 3
4854 4855 6
4855 4856 7
4856 4857 10
4857 4858 1
4858 4859 1
4859 4860 3
4860 4861 7
4861 4862 10
4862 4863 9
4863 4864 9
4864 4865 7
4865 4866 10
4866 4867 10
4867 4868 4
4868 4869 10
4869 4870 6
4870 4871 6
4871 4872 7
4872 4873 5
4873 4874 3
4874 4875 4
4875 4876 8
4876 4877 4
4877 4878 5
4878 4879 6
4879 4880 10
4880 4881 7
4881 4882 8
4882 4883 7
4883 4884 5
4884 4885 10
4885 4886 8
4886 4887 2
4887 4888 4
4888 4889 8
4889 4890 9
4890 4891 1
4891 4892 2
4892 4893 2
4893 4894 3
4894 4895 6
4895 4896 7
4896 4897 10
4897 4898 9
4898 4899 9
4899 4900 2
4900 4901 6
4901 4902 8
4902 4903 4
4903 4904 6
4904 4905 6
4905 4906 8
4906 4907 4
4907 4908 3
4908 4909 9
4909 4910 8
4910 4911 6
4911 4912 2
4912 4913 7
4913 4914 10
4914 4915 10
4915 4916 1
4916 4917 5
4917 4918 7
4918 4919 3
4919 4920 10
4920 4921 2
4921 4922 9
4922 4923 1
4923 4924 2
4924 4925 5
4925 4926 7
4926 4927 6
4927 4928 1
4928 4929 9
4929 4930 7
4930 4931 9
4931 4932 5
4932 4933 10
4933 4934 7
4934 4935 8
4935 4936 6
4936 4937 7
4937 4938 1
4938 4939 6
4939 4940 3
4940 4941 8
4941 4942 2
4942 4943 7
4943 4944 9
4944 4945 1
4945 4946 8
4946 4947 10
4947 4948 2
4948 4949 4
4949 4950 6
4950 4951 6
4951 4952 9
4952 4953 2
4953 4954 1
4954 4955 2
4955 4956 7
4956 4957 3
4957 4958 3
4958 4959 4
4959 4960 1
4960 4961 10
4961 4962 3
4962 4963 6
4963 4964 5
4964 4965 7
4965 4966 10
4966 4967 1
4967 4968 3
4968 4969 8
4969 4970 2
4970 4971 4
4971 4972 3
4972 4973 3
4973 4974 5
4974 4975 7
4975 4976 7
4976 4977 2
4977 4978 5
4978 4979 9
4979 4980 2
4980 4981 9
4981 4982 1
4982 4983 7
4983 4984 2
4984 4985 8
4985 4986 7
4986 4987 9
4987 4988 2
4988 4989 1
4989 4990 9
4990 4991 1
4991 4992 1
4992 4993 3
4993 4994 6
4994 4995 4
4995 4996 10
4996 4997 6
4997 4998 8
4998 4999 4
4999 5000 4
5000 5001 2
5001 5002 6
5002 5003 9
5003 5004 3
5004 5005 6
5005 5006 3
5006 5007 5
5007 5008 9
5008 5009 3
5009 5010 7
5010 5011 5
5011 5012 4
5012 5013 4
5013 5014 10
5014 5015 2
5015 5016 2
5016 5017 8
5017 5018 5
5018 5019 2
5019 5020 3
5020 5021 1
5021 5022 5
5022 5023 4
5023 5024 2
5024 5025 5
5025 5026 6
5026 5027 6
5027 5028 10
5028 5029 9
5029 5030 8
5030 5031 2
5031 5032 6
5032 5033 9
5033 5034 7
5034 5035 4
5035 5036 10
5036 5037 1
5037 5038 6
5038 5039 10
5039 5040 9
5040 5041 10
5041 5042 7
5042 5043 7
5043 5044 8
5044 5045 8
5045 5046 2
5046 5047 4
5047 5048 4
5048 5049 8
5049 5050 7
5050 5051 7
5051 5052 1
5052 5053 4
5053 5054 7
5054 5055 7
5055 5056 8
5056 5057 9
5057 5058 7
5058 5059 9
5059 5060 10
5060 5061 9
5061 5062 1
5062 5063 7
5063 5064 3
5064 5065 8
5065 5066 9
5066 5067 10
5067 5068 2
5068 5069 3
5069 5070 2
5070 5071 7
5071 5072 4
5072 5073 2
5073 5074 10
5074 5075 7
5075 5076 4
5076 5077 7
5077 5078 9
5078 5079 9
5079 5080 7
5080 5081 3
5081 5082 3
5082 5083 2
5083 5084 2
5084 5085 6
5085 5086 9
5086 5087 1
5087 5088 4
5088 5089 1
5089 5090 4
5090 5091 9
5091 5092 8
5092 5093 8
5093 5094 1
5094 5095 5
5095 5096 1
5096 5097 3
5097 5098 9
5098 5099 2
5099 5100 9
5100 5101 9
5101 5102 9
5102 5103 9
5103 5104 8
5104 5105 10
5105 5106 10
5106 5107 10
5107 5108 5
5108 5109 8
5109 5110 8
5110 5111 2
5111 5112 9
5112 5113 9
5113 5114 3
5114 5115 5
5115 5116 2
5116 5117 6
5117 5118 10
5118 5119 10
5119 5120 2
5120 5121 5
5121 5122 5
5122 5123 5
5123 5124 7
5124 5125 5
5125 5126 7
5126 5127 7
5127 5128 1
5128 5129 3
5129 5130 4
5130 5131 6
5131 5132 8
5132 5133 1
5133 5134 9
5134 5135 1
5135 5136 8
5136 5137 1
5137 5138 1
5138 5139 1
5139 5140 5
5140 5141 1
5141 5142 1
5142 5143 5
5143 5144 3
5144 5145 4
5145 5146 10
5146 5147 1
5147 5148 10
5148 5149 8
5149 5150 9
5150 5151 8
5151 5152 6
5152 5153 9
5153 5154 2
5154 5155 3
5155 5156 2
5156 5157 10
5157 5158 5
5158 5159 5
5159 5160 7
5160 5161 8
5161 5162 8
5162 5163 7
5163 5164 8
5164 5165 3
5165 5166 1
5166 5167 1
5167 5168 8
5168 5169 3
5169 5170 8
5170 5171 7
5171 5172 4
5172 5173 6
5173 5174 1
5174 5175 3
5175 5176 3
5176 5177 4
5177 5178 7
5178 5179 3
5179 5180 7
5180 5181 8
5181 5182 10
5182 5183 8
5183 5184 5
5184 5185 3
5185 5186 9
5186 5187 1
5187 5188 3
5188 5189 6
5189 5190 7
5190 5191 9
5191 5192 10
5192 5193 2
5193 5194 5
5194 5195 10
5195 5196 7
5196 5197 3
5197 5198 9
5198 5199 1
5199 5200 9
5200 5201 2
5201 5202 8
5202 5203 10
5203 5204 4
5204 5205 5
5205 5206 5
5206 5207 3
5207 5208 2
5208 5209 7
5209 5210 1
5210 5211 8
5211 5212 7
5212 5213 6
5213 5214 2
5214 5215 2
5215 5216 7
5216 5217 3
5217 5218 5
5218 5219 5
5219 5220 1
5220 5221 10
5221 5222 1
5222 5223 6
5223 5224 9
5224 5225 10
5225 5226 2
5226 5227 5
5227 5228 4
5228 5229 3
5229 5230 6
5230 5231 4
5231 5232 6
5232 5233 6
5233 5234 6
5234 5235 3
5235 5236 10
5236 5237 5
5237 5238 5
5238 5239 6
5239 5240 8
5240 5241 2
5241 5242 10
5242 5243 8
5243 5244 3
5244 5245 7
5245 5246 4
5246 5247 4
5247 5248 3
5248 5249 1
5249 5250 2
5250 5251 2
5251 5252 1
5252 5253 2
5253 5254 1
5254 5255 3
5255 5256 9
5256 5257 5
5257 5258 2
5258 5259 6
5259 5260 9
5260 5261 9
5261 5262 7
5262 5263 3
5263 5264 1
5264 5265 2
5265 5266 10
5266 5267 3
5267 5268 5
5268 5269 8
5269 5270 10
5270 5271 9
5271 5272 9
5272 5273 4
5273 5274 3
5274 5275 6
5275 5276 1
5276 5277 3
5277 5278 2
5278 5279 10
5279 5280 10
5280 5281 10
5281 5282 1
5282 5283 2
5283 5284 7
5284 5285 1
5285 5286 4
5286 5287 9
5287 5288 10
5288 5289 9
5289 5290 10
5290 5291 5
5291 5292 9
5292 5293 6
5293 5294 3
5294 5295 1
5295 5296 3
5296 5297 2
5297 5298 8
5298 5299 8
5299 5300 10
5300 5301 9
5301 5302 3
5302 5303 7
5303 5304 9
5304 5305 6
5305 5306 9
5306 5307 2
5307 5308 3
5308 5309 8
5309 5310 10
5310 5311 1
5311 5312 1
5312 5313 6
5313 5314 9
5314 5315 5
5315 5316 7
5316 5317 2
5317 5318 5
5318 5319 7
5319 5320 6
5320 5321 8
5321 5322 10
5322 5323 6
5323 5324 9
5324 5325 9
5325 5326 8
5326 5327 4
5327 5328 7
5328 5329 9
5329 5330 9
5330 5331 3
5331 5332 1
5332 5333 5
5333 5334 6
5334 5335 3
5335 5336 2
5336 5337 10
5337 5338 9
5338 5339 7
5339 5340 4
5340 5341 8
5341 5342 3
5342 5343 10
5343 5344 7
5344 5345 7
5345 5346 5
5346 5347 7
5347 5348 10
5348 5349 6
5349 5350 3
5350 5351 4
5351 5352 9
5352 5353 1
5353 5354 3
5354 5355 3
5355 5356 10
5356 5357 1
5357 5358 10
5358 5359 2
5359 5360 5
5360 5361 1
5361 5362 8
5362 5363 8
5363 5364 10
5364 5365 2
5365 5366 10
5366 5367 4
5367 5368 10
5368 5369 7
5369 5370 1
5370 5371 7
5371 5372 7
5372 5373 7
5373 5374 3
5374 5375 10
5375 5376 2
5376 5377 5
5377 5378 10
5378 5379 7
5379 5380 3
5380 5381 7
5381 5382 3
5382 5383 7
5383 5384 3
5384 5385 3
5385 5386 3
5386 5387 2
5387 5388 8
5388 5389 8
5389 5390 6
5390 5391 5
5391 5392 2
5392 5393 3
5393 5394 4
5394 5395 1
5395 5396 10
5396 5397 8
5397 5398 7
5398 5399 8
5399 5400 10
5400 5401 3
5401 5402 7
5402 5403 6
5403 5404 4
5404 5405 7
5405 5406 9
5406 5407 7
5407 5408 8
5408 5409 5
5409 5410 2
5410 5411 6
5411 5412 2
5412 5413 6
5413 5414 2
5414 5415 4
5415 5416 9
5416 5417 10
5417 5418 7
5418 5419 7
5419 5420 7
5420 5421 8
5421 5422 7
5422 5423 6
5423 5424 2
5424 5425 3
5425 5426 1
5426 5427 9
5427 5428 4
5428 5429 4
5429 5430 6
5430 5431 3
5431 5432 6
5432 5433 7
5433 5434 3
5434 5435 1
5435 5436 1
5436 5437 6
5437 5438 1
5438 5439 7
5439 5440 1
5440 5441 8
5441 5442 2
5442 5443 2
5443 5444 10
5444 5445 9
5445 5446 9
5446 5447 8
5447 5448 10
5448 5449 9
5449 5450 1
5450 5451 8
5451 5452 3
5452 5453 1
5453 5454 8
5454 5455 6
5455 5456 4
5456 5457 10
5457 5458 2
5458 5459 3
5459 5460 5
5460 5461 9
5461 5462 4
5462 5463 6
5463 5464 3
5464 5465 9
5465 5466 2
5466 5467 8
5467 5468 5
5468 5469 8
5469 5470 10
5470 5471 2
5471 5472 4
5472 5473 8
5473 5474 8
5474 5475 8
5475 5476 2
5476 5477 8
5477 5478 3
5478 5479 5
5479 5480 1
5480 5481 5
5481 5482 10
5482 5483 4
5483 5484 9
5484 5485 9
5485 5486 7
5486 5487 7
5487 5488 9
5488 5489 6
5489 5490 1
5490 5491 7
5491 5492 1
5492 5493 9
5493 5494 7
5494 5495 5
5495 5496 4
5496 5497 2
5497 5498 4
5498 5499 4
5499 5500 4
5500 5501 5
5501 5502 8
5502 5503 9
5503 5504 4
5504 5505 6
5505 5506 7
5506 5507 9
5507 5508 3
5508 5509 6
5509 5510 7
5510 5511 6
5511 5512 5
5512 5513 10
5513 5514 9
5514 5515 1
5515 5516 1
5516 5517 6
5517 5518 6
5518 5519 10
5519 5520 1
5520 5521 6
5521 5522 8
5522 5523 4
5523 5524 4
5524 5525 5
5525 5526 8
5526 5527 2
5527 5528 3
5528 5529 10
5529 5530 7
5530 5531 4
5531 5532 8
5532 5533 8
5533 5534 10
5534 5535 10
5535 5536 6
5536 5537 4
5537 5538 3
5538 5539 5
5539 5540 7
5540 5541 4
5541 5542 6
5542 5543 6
5543 5544 2
5544 5545 1
5545 5546 5
5546 5547 1
5547 5548 1
5548 5549 9
5549 5550 5
5550 5551 2
5551 5552 1
5552 5553 5
5553 5554 3
5554 5555 4
5555 5556 3
5556 5557 2
5557 5558 3
5558 5559 7
5559 5560 8
5560 5561 7
5561 5562 1
5562 5563 3
5563 5564 2
5564 5565 5
5565 5566 4
5566 5567 2
5567 5568 8
5568 5569 6
5569 5570 4
5570 5571 2
5571 5572 6
5572 5573 4
5573 5574 8
5574 5575 7
5575 5576 6
5576 5577 10
5577 5578 7
5578 5579 10
5579 5580 8
5580 5581 6
5581 5582 7
5582 5583 10
5583 5584 9
5584 5585 9
5585 5586 2
5586 5587 9
5587 5588 1
5588 5589 4
5589 5590 2
5590 5591 2
5591 5592 8
5592 5593 4
5593 5594 9
5594 5595 6
5595 5596 8
5596 5597 5
5597 5598 8
5598 5599 3
5599 5600 8
5600 5601 8
5601 5602 1
5602 5603 1
5603 5604 5
5604 5605 9
5605 5606 7
5606 5607 6
5607 5608 1
5608 5609 4
5609 5610 8
5610 5611 3
5611 5612 2
5612 5613 6
5613 5614 8
5614 5615 9
5615 5616 6
5616 5617 6
5617 5618 2
5618 5619 3
5619 5620 6
5620 5621 8
5621 5622 2
5622 5623 3
5623 5624 7
5624 5625 7
5625 5626 6
5626 5627 4
5627 5628 10
5628 5629 10
5629 5630 8
5630 5631 5
5631 5632 6
5632 5633 3
5633 5634 6
5634 5635 6
5635 5636 9
5636 5637 3
5637 5638 10
5638 5639 2
5639 5640 6
5640 5641 7
5641 5642 7
5642 5643 2
5643 5644 5
5644 5645 8
5645 5646 3
5646 5647 6
5647 5648 6
5648 5649 8
5649 5650 5
5650 5651 5
5651 5652 2
5652 5653 9
5653 5654 4
5654 5655 3
5655 5656 2
5656 5657 5
5657 5658 7
5658 5659 1
5659 5660 9
5660 5661 9
5661 5662 8
5662 5663 7
5663 5664 7
5664 5665 5
5665 5666 2
5666 5667 4
5667 5668 1
5668 5669 5
5669 5670 5
5670 5671 8
5671 5672 7
5672 5673 2
5673 5674 10
5674 5675 7
5675 5676 9
5676 5677 1
5677 5678 2
5678 5679 3
5679 5680 4
5680 5681 7
5681 5682 8
5682 5683 2
5683 5684 6
5684 5685 1
5685 5686 2
5686 5687 1
5687 5688 7
5688 5689 10
5689 5690 6
5690 5691 7
5691 5692 2
5692 5693 4
5693 5694 6
5694 5695 5
5695 5696 5
5696 5697 8
5697 5698 5
5698 5699 3
5699 5700 8
5700 5701 8
5701 5702 6
5702 5703 8
5703 5704 7
5704 5705 1
5705 5706 2
5706 5707 1
5707 5708 10
5708 5709 3
5709 5710 7
5710 5711 7
5711 5712 2
5712 5713 1
5713 5714 2
5714 5715 1
5715 5716 2
5716 5717 5
5717 5718 1
5718 5719 10
5719 5720 8
5720 5721 1
5721 5722 7
5722 5723 5
5723 5724 9
5724 5725 8
5725 5726 7
5726 5727 1
5727 5728 3
5728 5729 5
5729 5730 7
5730 5731 6
5731 5732 5
5732 5733 5
5733 5734 3
5734 5735 7
5735 5736 5
5736 5737 3
5737 5738 1
5738 5739 7
5739 5740 4
5740 5741 2
5741 5742 5
5742 5743 8
5743 5744 4
5744 5745 4
5745 5746 7
5746 5747 5
5747 5748 9
5748 5749 5
5749 5750 6
5750 5751 10
5751 5752 9
5752 5753 8
5753 5754 4
5754 5755 9
5755 5756 7
5756 5757 3
5757 5758 9
5758 5759 3
5759 5760 4
5760 5761 9
5761 5762 1
5762 5763 6
5763 5764 9
5764 5765 4
5765 5766 6
5766 5767 9
5767 5768 7
5768 5769 9
5769 5770 2
5770 5771 6
5771 5772 2
5772 5773 5
5773 5774 7
5774 5775 8
5775 5776 8
5776 5777 6
5777 5778 2
5778 5779 8
5779 5780 3
5780 5781 3
5781 5782 3
5782 5783 6
5783 5784 5
5784 5785 1
5785 5786 2
5786 5787 2
5787 5788 7
5788 5789 10
5789 5790 2
5790 5791 5
5791 5792 5
5792 5793 7
5793 5794 4
5794 5795 1
5795 5796 9
5796 5797 9
5797 5798 5
5798 5799 1
5799 5800 1
5800 5801 10
5801 5802 3
5802 5803 9
5803 5804 3
5804 5805 3
5805 5806 3
5806 5807 2
5807 5808 3
5808 5809 1
5809 5810 10
5810 5811 5
5811 5812 8
5812 5813 10
5813 5814 2
5814 5815 1
5815 5816 4
5816 5817 8
5817 5818 6
5818 5819 1
5819 5820 6
5820 5821 5
5821 5822 2
5822 5823 3
5823 5824 6
5824 5825 8
5825 5826 8
5826 5827 9
5827 5828 2
5828 5829 8
5829 5830 2
5830 5831 9
5831 5832 10
5832 5833 6
5833 5834 7
5834 5835 2
5835 5836 4
5836 5837 9
5837 5838 1
5838 5839 10
5839 5840 3
5840 5841 9
5841 5842 1
5842 5843 9
5843 5844 2
5844 5845 3
5845 5846 4
5846 5847 5
5847 5848 10
5848 5849 5
5849 5850 3
5850 5851 7
5851 5852 6
5852 5853 10
5853 5854 8
5854 5855 8
5855 5856 10
5856 5857 7
5857 5858 4
5858 5859 1
5859 5860 8
5860 5861 10
5861 5862 4
5862 5863 4
5863 5864 7
5864 5865 4
5865 5866 2
5866 5867 6
5867 5868 10
5868 5869 8
5869 5870 4
5870 5871 8
5871 5872 9
5872 5873 4
5873 5874 7
5874 5875 4
5875 5876 3
5876 5877 2
5877 5878 9
5878 5879 9
5879 5880 3
5880 5881 1
5881 5882 1
5882 5883 10
5883 5884 5
5884 5885 6
5885 5886 8
5886 5887 5
5887 5888 1
5888 5889 3
5889 5890 10
5890 5891 8
5891 5892 10
5892 5893 6
5893 5894 7
5894 5895 9
5895 5896 2
5896 5897 9
5897 5898 3
5898 5899 10
5899 5900 3
5900 5901 4
5901 5902 5
5902 5903 7
5903 5904 5
5904 5905 6
5905 5906 5
5906 5907 7
5907 5908 8
5908 5909 8
5909 5910 1
5910 5911 10
5911 5912 5
5912 5913 6
5913 5914 6
5914 5915 2
5915 5916 9
5916 5917 5
5917 5918 5
5918 5919 10
5919 5920 10
5920 5921 7
5921 5922 7
5922 5923 1
5923 5924 8
5924 5925 9
5925 5926 9
5926 5927 9
5927 5928 2
5928 5929 1
5929 5930 4
5930 5931 8
5931 5932 4
5932 5933 1
5933 5934 8
5934 5935 2
5935 5936 2
5936 5937 3
5937 5938 5
5938 5939 3
5939 5940 7
5940 5941 1
5941 5942 2
5942 5943 8
5943 5944 8
5944 5945 3
5945 5946 5
5946 5947 8
5947 5948 10
5948 5949 10
5949 5950 9
5950 5951 7
5951 5952 5
5952 5953 6
5953 5954 6
5954 5955 8
5955 5956 5
5956 5957 3
5957 5958 4
5958 5959 10
5959 5960 4
5960 5961 7
5961 5962 4
5962 5963 5
5963 5964 5
5964 5965 6
5965 5966 6
5966 5967 8
5967 5968 10
5968 5969 8
5969 5970 8
5970 5971 2
5971 5972 6
5972 5973 5
5973 5974 10
5974 5975 2
5975 5976 2
5976 5977 4
5977 5978 6
5978 5979 3
5979 5980 1
5980 5981 8
5981 5982 6
5982 5983 5
5983 5984 2
5984 5985 3
5985 5986 8
5986 5987 10
5987 5988 9
5988 5989 4
5989 5990 6
5990 5991 6
5991 5992 9
5992 5993 3
5993 5994 4
5994 5995 2
5995 5996 2
5996 5997 3
5997 5998 10
5998 5999 7
5999 6000 9
6000 6001 5
6001 6002 8
6002 6003 2
6003 6004 6
6004 6005 4
6005 6006 10
6006 6007 4
6007 6008 6
6008 6009 6
6009 6010 2
6010 6011 9
6011 6012 4
6012 6013 10
6013 6014 10
6014 6015 10
6015 6016 7
6016 6017 10
6017 6018 3
6018 6019 7
6019 6020 7
6020 6021 7
6021 6022 1
6022 6023 3
6023 6024 9
6024 6025 2
6025 6026 6
6026 6027 7
6027 6028 5
6028 6029 7
6029 6030 3
6030 6031 2
6031 6032 9
6032 6033 10
6033 6034 6
6034 6035 10
6035 6036 8
6036 6037 2
6037 6038 3
6038 6039 2
6039 6040 8
6040 6041 8
6041 6042 10
6042 6043 6
6043 6044 8
6044 6045 2
6045 6046 8
6046 6047 6
6047 6048 6
6048 6049 8
6049 6050 3
6050 6051 5
6051 6052 7
6052 6053 9
6053 6054 8
6054 6055 8
6055 6056 8
6056 6057 4
6057 6058 7
6058 6059 4
6059 6060 8
6060 6061 4
6061 6062 10
6062 6063 6
6063 6064 7
6064 6065 2
6065 6066 6
6066 6067 2
6067 6068 10
6068 6069 9
6069 6070 8
6070 6071 6
6071 6072 2
6072 6073 9
6073 6074 8
6074 6075 10
6075 6076 1
6076 6077 2
6077 6078 7
6078 6079 6
6079 6080 1
6080 6081 3
6081 6082 7
6082 6083 7
6083 6084 4
6084 6085 8
6085 6086 6
6086 6087 4
6087 6088 8
6088 6089 7
6089 6090 9
6090 6091 2
6091 6092 1
6092 6093 1
6093 6094 6
6094 6095 10
6095 6096 9
6096 6097 9
6097 6098 9
6098 6099 2
6099 6100 6
6100 6101 10
6101 6102 1
6102 6103 4
6103 6104 8
6104 6105 7
6105 6106 6
6106 6107 9
6107 6108 1
6108 6109 10
6109 6110 1
6110 6111 8
6111 6112 5
6112 6113 5
6113 6114 7
6114 6115 9
6115 6116 6
6116 6117 9
6117 6118 3
6118 6119 4
6119 6120 8
6120 6121 2
6121 6122 8
6122 6123 2
6123 6124 3
6124 6125 10
6125 6126 8
6126 6127 4
6127 6128 2
6128 6129 5
6129 6130 1
6130 6131 2
6131 6132 5
6132 6133 6
6133 6134 10
6134 6135 2
6135 6136 6
6136 6137 4
6137 6138 5
6138 6139 2
6139 6140 3
6140 6141 6
6141 6142 4
6142 6143 1
6143 6144 4
6144 6145 6
6145 6146 2
6146 6147 8
6147 6148 1
6148 6149 4
6149 6150 8
6150 6151 9
6151 6152 8
6152 6153 2
6153 6154 5
6154 6155 8
6155 6156 3
6156 6157 4
6157 6158 2
6158 6159 2
6159 6160 3
6160 6161 7
6161 6162 9
6162 6163 6
6163 6164 6
6164 6165 7
6165 6166 8
6166 6167 1
6167 6168 5
6168 6169 10
6169 6170 3
6170 6171 9
6171 6172 7
6172 6173 2
6173 6174 9
6174 6175 1
6175 6176 8
6176 6177 9
6177 6178 7
6178 6179 8
6179 6180 1
6180 6181 6
6181 6182 6
6182 6183 1
6183 6184 10
6184 6185 7
6185 6186 9
6186 6187 1
6187 6188 10
6188 6189 7
6189 6190 3
6190 6191 4
6191 6192 1
6192 6193 9
6193 6194 10
6194 6195 4
6195 6196 5
6196 6197 8
6197 6198 7
6198 6199 3
6199 6200 8
6200 6201 5
6201 6202 5
6202 6203 5
6203 6204 4
6204 6205 8
6205 6206 2
6206 6207 3
6207 6208 5
6208 6209 1
6209 6210 6
6210 6211 3
6211 6212 4
6212 6213 5
6213 6214 4
6214 6215 7
6215 6216 2
6216 6217 5
6217 6218 5
6218 6219 9
6219 6220 4
6220 6221 1
6221 6222 3
6222 6223 2
6223 6224 8
6224 6225 8
6225 6226 3
6226 6227 7
6227 6228 7
6228 6229 3
6229 6230 2
6230 6231 7
6231 6232 3
6232 6233 7
6233 6234 8
6234 6235 7
6235 6236 2
6236 6237 2
6237 6238 10
6238 6239 1
6239 6240 8
6240 6241 7
6241 6242 6
6242 6243 7
6243 6244 4
6244 6245 1
6245 6246 1
6246 6247 1
6247 6248 3
6248 6249 1
6249 6250 8
6250 6251 10
6251 6252 9
6252 6253 4
6253 6254 1
6254 6255 6
6255 6256 1
6256 6257 5
6257 6258 3
6258 6259 9
6259 6260 5
6260 6261 4
6261 6262 5
6262 6263 10
6263 6264 5
6264 6265 3
6265 6266 5
6266 6267 9
6267 6268 4
6268 6269 9
6269 6270 3
6270 6271 1
6271 6272 10
6272 6273 8
6273 6274 6
6274 6275 4
6275 6276 7
6276 6277 4
6277 6278 2
6278 6279 10
6279 6280 9
6280 6281 3
6281 6282 8
6282 6283 1
6283 6284 7
6284 6285 8
6285 6286 6
6286 6287 2
6287 6288 1
6288 6289 10
6289 6290 9
6290 6291 2
6291 6292 1
6292 6293 9
6293 6294 9
6294 6295 7
6295 6296 9
6296 6297 4
6297 6298 10
6298 6299 9
6299 6300 5
6300 6301 8
6301 6302 2
6302 6303 10
6303 6304 2
6304 6305 5
6305 6306 6
6306 6307 1
6307 6308 7
6308 6309 8
6309 6310 2
6310 6311 3
6311 6312 7
6312 6313 2
6313 6314 5
6314 6315 8
6315 6316 2
6316 6317 7
6317 6318 7
6318 6319 9
6319 6320 8
6320 6321 5
6321 6322 9
6322 6323 3
6323 6324 10
6324 6325 4
6325 6326 10
6326 6327 1
6327 6328 10
6328 6329 4
6329 6330 6
6330 6331 2
6331 6332 10
6332 6333 6
6333 6334 5
6334 6335 9
6335 6336 6
6336 6337 2
6337 6338 4
6338 6339 4
6339 6340 6
6340 6341 1
6341 6342 8
6342 6343 4
6343 6344 4
6344 6345 7
6345 6346 2
6346 6347 9
6347 6348 7
6348 6349 3
6349 6350 9
6350 6351 10
6351 6352 5
6352 6353 8
6353 6354 7
6354 6355 5
6355 6356 1
6356 6357 6
6357 6358 8
6358 6359 7
6359 6360 1
6360 6361 9
6361 6362 10
6362 6363 8
6363 6364 4
6364 6365 10
6365 6366 2
6366 6367 5
6367 6368 10
6368 6369 1
6369 6370 9
6370 6371 6
6371 6372 10
6372 6373 6
6373 6374 3
6374 6375 4
6375 6376 7
6376 6377 7
6377 6378 9
6378 6379 7
6379 6380 1
6380 6381 7
6381 6382 8
6382 6383 2
6383 6384 7
6384 6385 3
6385 6386 3
6386 6387 1
6387 6388 2
6388 6389 10
6389 6390 9
6390 6391 9
6391 6392 7
6392 6393 4
6393 6394 3
6394 6395 9
6395 6396 5
6396 6397 6
6397 6398 6
6398 6399 3
6399 6400 7
6400 6401 10
6401 6402 3
6402 6403 4
6403 6404 6
6404 6405 8
6405 6406 1
6406 6407 8
6407 6408 6
6408 6409 7
6409 6410 10
6410 6411 3
6411 6412 9
6412 6413 6
6413 6414 10
6414 6415 10
6415 6416 8
6416 6417 4
6417 6418 2
6418 6419 1
6419 6420 1
6420 6421 4
6421 6422 2
6422 6423 5
6423 6424 1
6424 6425 7
6425 6426 5
6426 6427 4
6427 6428 6
6428 6429 2
6429 6430 5
6430 6431 3
6431 6432 1
6432 6433 8
6433 6434 7
6434 6435 1
6435 6436 10
6436 6437 2
6437 6438 2
6438 6439 1
6439 6440 5
6440 6441 9
6441 6442 5
6442 6443 8
6443 6444 2
6444 6445 6
6445 6446 4
6446 6447 10
6447 6448 1
6448 6449 2
6449 6450 6
6450 6451 5
6451 6452 8
6452 6453 7
6453 6454 5
6454 6455 5
6455 6456 7
6456 6457 6
6457 6458 10
6458 6459 9
6459 6460 6
6460 6461 6
6461 6462 2
6462 6463 9
6463 6464 3
6464 6465 10
6465 6466 2
6466 6467 7
6467 6468 8
6468 6469 8
6469 6470 8
6470 6471 8
6471 6472 1
6472 6473 1
6473 6474 5
6474 6475 2
6475 6476 10
6476 6477 6
6477 6478 2
6478 6479 3
6479 6480 9
6480 6481 10
6481 6482 2
6482 6483 5
6483 6484 1
6484 6485 10
6485 6486 9
6486 6487 3
6487 6488 7
6488 6489 10
6489 6490 10
6490 6491 5
6491 6492 3
6492 6493 5
6493 6494 4
6494 6495 9
6495 6496 2
6496 6497 1
6497 6498 1
6498 6499 5
6499 6500 6
6500 6501 4
6501 6502 6
6502 6503 8
6503 6504 8
6504 6505 5
6505 6506 2
6506 6507 7
6507 6508 6
6508 6509 5
6509 6510 5
6510 6511 6
6511 6512 5
6512 6513 8
6513 6514 3
6514 6515 3
6515 6516 2
6516 6517 8
6517 6518 7
6518 6519 3
6519 6520 2
6520 6521 4
6521 6522 1
6522 6523 3
6523 6524 9
6524 6525 6
6525 6526 6
6526 6527 4
6527 6528 6
6528 6529 5
6529 6530 1
6530 6531 1
6531 6532 8
6532 6533 6
6533 6534 10
6534 6535 1
6535 6536 2
6536 6537 10
6537 6538 2
6538 6539 2
6539 6540 1
6540 6541 5
6541 6542 5
6542 6543 9
6543 6544 10
6544 6545 7
6545 6546 4
6546 6547 5
6547 6548 8
6548 6549 1
6549 6550 4
6550 6551 6
6551 6552 4
6552 6553 5
6553 6554 3
6554 6555 6
6555 6556 2
6556 6557 10
6557 6558 6
6558 6559 1
6559 6560 3
6560 6561 10
6561 6562 5
6562 6563 4
6563 6564 7
6564 6565 7
6565 6566 1
6566 6567 4
6567 6568 10
6568 6569 10
6569 6570 5
6570 6571 7
6571 6572 7
6572 6573 2
6573 6574 7
6574 6575 4
6575 6576 3
6576 6577 2
6577 6578 2
6578 6579 6
6579 6580 6
6580 6581 10
6581 6582 10
6582 6583 9
6583 6584 4
6584 6585 6
6585 6586 1
6586 6587 7
6587 6588 2
6588 6589 4
6589 6590 8
6590 6591 6
6591 6592 1
6592 6593 8
6593 6594 10
6594 6595 10
6595 6596 8
6596 6597 1
6597 6598 7
6598 6599 10
6599 6600 7
6600 6601 3
6601 6602 8
6602 6603 2
6603 6604 2
6604 6605 2
6605 6606 1
6606 6607 10
6607 6608 3
6608 6609 3
6609 6610 7
6610 6611 5
6611 6612 10
6612 6613 10
6613 6614 10
6614 6615 3
6615 6616 4
6616 6617 10
6617 6618 5
6618 6619 2
6619 6620 3
6620 6621 7
6621 6622 3
6622 6623 10
6623 6624 8
6624 6625 6
6625 6626 2
6626 6627 4
6627 6628 3
6628 6629 7
6629 6630 2
6630 6631 9
6631 6632 2
6632 6633 7
6633 6634 8
6634 6635 5
6635 6636 6
6636 6637 3
6637 6638 5
6638 6639 5
6639 6640 3
6640 6641 3
6641 6642 7
6642 6643 8
6643 6644 7
6644 6645 1
6645 6646 4
6646 6647 8
6647 6648 3
6648 6649 3
6649 6650 7
6650 6651 5
6651 6652 3
6652 6653 6
6653 6654 2
6654 6655 9
6655 6656 5
6656 6657 5
6657 6658 9
6658 6659 9
6659 6660 10
6660 6661 5
6661 6662 8
6662 6663 1
6663 6664 6
6664 6665 2
6665 6666 1
6666 6667 3
6667 6668 10
6668 6669 8
6669 6670 5
6670 6671 5
6671 6672 10
6672 6673 1
6673 6674 8
6674 6675 8
6675 6676 2
6676 6677 8
6677 6678 7
6678 6679 5
6679 6680 3
6680 6681 9
6681 6682 7
6682 6683 2
6683 6684 6
6684 6685 3
6685 6686 4
6686 6687 2
6687 6688 10
6688 6689 5
6689 6690 8
6690 6691 7
6691 6692 9
6692 6693 5
6693 6694 8
6694 6695 5
6695 6696 7
6696 6697 4
6697 6698 8
6698 6699 2
6699 6700 1
6700 6701 7
6701 6702 3
6702 6703 4
6703 6704 3
6704 6705 2
6705 6706 1
6706 6707 3
6707 6708 9
6708 6709 4
6709 6710 4
6710 6711 7
6711 6712 3
6712 6713 6
6713 6714 9
6714 6715 3
6715 6716 10
6716 6717 7
6717 6718 9
6718 6719 7
6719 6720 2
6720 6721 6
6721 6722 9
6722 6723 3
6723 6724 2
6724 6725 10
6725 6726 5
6726 6727 5
6727 6728 7
6728 6729 9
6729 6730 2
6730 6731 1
6731 6732 4
6732 6733 2
6733 6734 1
6734 6735 10
6735 6736 6
6736 6737 8
6737 6738 9
6738 6739 9
6739 6740 9
6740 6741 3
6741 6742 5
6742 6743 7
6743 6744 8
6744 6745 1
6745 6746 4
6746 6747 1
6747 6748 7
6748 6749 3
6749 6750 2
6750 6751 7
6751 6752 2
6752 6753 5
6753 6754 9
6754 6755 7
6755 6756 2
6756 6757 4
6757 6758 1
6758 6759 6
6759 6760 4
6760 6761 7
6761 6762 10
6762 6763 3
6763 6764 7
6764 6765 10
6765 6766 1
6766 6767 5
6767 6768 7
6768 6769 4
6769 6770 1
6770 6771 10
6771 6772 2
6772 6773 6
6773 6774 5
6774 6775 10
6775 6776 4
6776 6777 10
6777 6778 10
6778 6779 10
6779 6780 6
6780 6781 9
6781 6782 1
6782 6783 1
6783 6784 4
6784 6785 5
6785 6786 4
6786 6787 7
6787 6788 2
6788 6789 8
6789 6790 7
6790 6791 2
6791 6792 7
6792 6793 7
6793 6794 4
6794 6795 4
6795 6796 5
6796 6797 3
6797 6798 3
6798 6799 1
6799 6800 3
6800 6801 9
6801 6802 6
6802 6803 6
6803 6804 1
6804 6805 3
6805 6806 6
6806 6807 2
6807 6808 2
6808 6809 7
6809 6810 2
6810 6811 2
6811 6812 4
6812 6813 6
6813 6814 7
6814 6815 3
6815 6816 3
6816 6817 7
6817 6818 4
6818 6819 4
6819 6820 7
6820 6821 7
6821 6822 1
6822 6823 10
6823 6824 8
6824 6825 3
6825 6826 9
6826 6827 2
6827 6828 9
6828 6829 10
6829 6830 8
6830 6831 8
6831 6832 2
6832 6833 8
6833 6834 2
6834 6835 3
6835 6836 2
6836 6837 5
6837 6838 3
6838 6839 10
6839 6840 2
6840 6841 2
6841 6842 6
6842 6843 3
6843 6844 4
6844 6845 1
6845 6846 4
6846 6847 6
6847 6848 8
6848 6849 6
6849 6850 9
6850 6851 4
6851 6852 1
6852 6853 5
6853 6854 10
6854 6855 8
6855 6856 9
6856 6857 8
6857 6858 1
6858 6859 5
6859 6860 6
6860 6861 10
6861 6862 9
6862 6863 9
6863 6864 4
6864 6865 10
6865 6866 4
6866 6867 4
6867 6868 4
6868 6869 4
6869 6870 4
6870 6871 4
6871 6872 1
6872 6873 5
6873 6874 6
6874 6875 4
6875 6876 5
6876 6877 3
6877 6878 1
6878 6879 2
6879 6880 5
6880 6881 1
6881 6882 6
6882 6883 7
6883 6884 8
6884 6885 7
6885 6886 6
6886 6887 7
6887 6888 3
6888 6889 10
6889 6890 10
6890 6891 9
6891 6892 5
6892 6893 2
6893 6894 2
6894 6895 2
6895 6896 4
6896 6897 3
6897 6898 3
6898 6899 7
6899 6900 2
6900 6901 8
6901 6902 5
6902 6903 6
6903 6904 10
6904 6905 8
6905 6906 5
6906 6907 5
6907 6908 5
6908 6909 3
6909 6910 9
6910 6911 6
6911 6912 8
6912 6913 6
6913 6914 4
6914 6915 1
6915 6916 6
6916 6917 4
6917 6918 10
6918 6919 1
6919 6920 6
6920 6921 10
6921 6922 3
6922 6923 5
6923 6924 8
6924 6925 5
6925 6926 4
6926 6927 8
6927 6928 2
6928 6929 4
6929 6930 6
6930 6931 4
6931 6932 7
6932 6933 5
6933 6934 3
6934 6935 3
6935 6936 6
6936 6937 9
6937 6938 10
6938 6939 5
6939 6940 4
6940 6941 1
6941 6942 4
6942 6943 8
6943 6944 6
6944 6945 10
6945 6946 10
6946 6947 1
6947 6948 6
6948 6949 9
6949 6950 5
6950 6951 8
6951 6952 9
6952 6953 4
6953 6954 10
6954 6955 2
6955 6956 7
6956 6957 3
6957 6958 8
6958 6959 9
6959 6960 6
6960 6961 1
6961 6962 6
6962 6963 5
6963 6964 10
6964 6965 3
6965 6966 7
6966 6967 2
6967 6968 10
6968 6969 7
6969 6970 2
6970 6971 8
6971 6972 7
6972 6973 5
6973 6974 2
6974 6975 1
6975 6976 3
6976 6977 10
6977 6978 3
6978 6979 5
6979 6980 9
6980 6981 5
6981 6982 3
6982 6983 3
6983 6984 9
6984 6985 3
6985 6986 7
6986 6987 8
6987 6988 7
6988 6989 6
6989 6990 2
6990 6991 5
6991 6992 10
6992 6993 6
6993 6994 7
6994 6995 5
6995 6996 4
6996 6997 5
6997 6998 7
6998 6999 5
6999 7000 2
7000 7001 1
7001 7002 3
7002 7003 3
7003 7004 9
7004 7005 5
7005 7006 8
7006 7007 6
7007 7008 6
7008 7009 1
7009 7010 7
7010 7011 9
7011 7012 8
7012 7013 3
7013 7014 10
7014 7015 2
7015 7016 9
7016 7017 3
7017 7018 2
7018 7019 4
7019 7020 7
7020 7021 4
7021 7022 9
7022 7023 8
7023 7024 7
7024 7025 1
7025 7026 6
7026 7027 2
7027 7028 3
7028 7029 4
7029 7030 7
7030 7031 6
7031 7032 7
7032 7033 7
7033 7034 10
7034 7035 2
7035 7036 3
7036 7037 9
7037 7038 7
7038 7039 2
7039 7040 7
7040 7041 8
7041 7042 7
7042 7043 8
7043 7044 1
7044 7045 1
7045 7046 8
7046 7047 5
7047 7048 7
7048 7049 1
7049 7050 1
7050 7051 8
7051 7052 2
7052 7053 2
7053 7054 9
7054 7055 2
7055 7056 1
7056 7057 1
7057 7058 3
7058 7059 1
7059 7060 10
7060 7061 1
7061 7062 6
7062 7063 6
7063 7064 1
7064 7065 4
7065 7066 5
7066 7067 6
7067 7068 8
7068 7069 8
7069 7070 7
7070 7071 2
7071 7072 3
7072 7073 2
7073 7074 8
7074 7075 10
7075 7076 2
7076 7077 3
7077 7078 4
7078 7079 5
7079 7080 5
7080 7081 9
7081 7082 8
7082 7083 10
7083 7084 4
7084 7085 7
7085 7086 7
7086 7087 8
7087 7088 7
7088 7089 6
7089 7090 1
7090 7091 3
7091 7092 5
7092 7093 10
7093 7094 3
7094 7095 7
7095 7096 5
7096 7097 3
7097 7098 6
7098 7099 9
7099 7100 2
7100 7101 8
7101 7102 5
7102 7103 8
7103 7104 1
7104 7105 10
7105 7106 6
7106 7107 9
7107 7108 8
7108 7109 10
7109 7110 7
7110 7111 6
7111 7112 3
7112 7113 2
7113 7114 2
7114 7115 7
7115 7116 4
7116 7117 1
7117 7118 3
7118 7119 1
7119 7120 10
7120 7121 8
7121 7122 6
7122 7123 4
7123 7124 10
7124 7125 8
7125 7126 8
7126 7127 8
7127 7128 3
7128 7129 9
7129 7130 3
7130 7131 6
7131 7132 6
7132 7133 1
7133 7134 3
7134 7135 5
7135 7136 5
7136 7137 6
7137 7138 7
7138 7139 2
7139 7140 6
7140 7141 5
7141 7142 9
7142 7143 4
7143 7144 4
7144 7145 9
7145 7146 2
7146 7147 7
7147 7148 6
7148 7149 8
7149 7150 5
7150 7151 9
7151 7152 5
7152 7153 9
7153 7154 1
7154 7155 9
7155 7156 5
7156 7157 8
7157 7158 5
7158 7159 7
7159 7160 4
7160 7161 4
7161 7162 2
7162 7163 1
7163 7164 4
7164 7165 1
7165 7166 2
7166 7167 2
7167 7168 3
7168 7169 9
7169 7170 5
7170 7171 7
7171 7172 9
7172 7173 4
7173 7174 8
7174 7175 9
7175 7176 4
7176 7177 5
7177 7178 1
7178 7179 3
7179 7180 3
7180 7181 1
7181 7182 10
7182 7183 10
7183 7184 5
7184 7185 1
7185 7186 6
7186 7187 2
7187 7188 8
7188 7189 4
7189 7190 3
7190 7191 9
7191 7192 5
7192 7193 4
7193 7194 8
7194 7195 4
7195 7196 6
7196 7197 5
7197 7198 7
7198 7199 2
7199 7200 10
7200 7201 3
7201 7202 9
7202 7203 7
7203 7204 2
7204 7205 10
7205 7206 5
7206 7207 8
7207 7208 3
7208 7209 9
7209 7210 5
7210 7211 5
7211 7212 4
7212 7213 3
7213 7214 9
7214 7215 2
7215 7216 1
7216 7217 2
7217 7218 1
7218 7219 5
7219 7220 1
7220 7221 8
7221 7222 7
7222 7223 10
7223 7224 5
7224 7225 4
7225 7226 10
7226 7227 3
7227 7228 4
7228 7229 4
7229 7230 4
7230 7231 9
7231 7232 5
7232 7233 2
7233 7234 6
7234 7235 3
7235 7236 4
7236 7237 8
7237 7238 6
7238 7239 6
7239 7240 5
7240 7241 4
7241 7242 9
7242 7243 4
7243 7244 1
7244 7245 4
7245 7246 9
7246 7247 7
7247 7248 6
7248 7249 7
7249 7250 3
7250 7251 1
7251 7252 7
7252 7253 10
7253 7254 9
7254 7255 1
7255 7256 1
7256 7257 8
7257 7258 3
7258 7259 9
7259 7260 5
7260 7261 6
7261 7262 5
7262 7263 10
7263 7264 7
7264 7265 9
7265 7266 1
7266 7267 7
7267 7268 10
7268 7269 6
7269 7270 2
7270 7271 8
7271 7272 9
7272 7273 7
7273 7274 10
7274 7275 1
7275 7276 8
7276 7277 4
7277 7278 6
7278 7279 7
7279 7280 3
7280 7281 2
7281 7282 8
7282 7283 8
7283 7284 8
7284 7285 1
7285 7286 3
7286 7287 3
7287 7288 6
7288 7289 6
7289 7290 2
7290 7291 3
7291 7292 7
7292 7293 3
7293 7294 3
7294 7295 8
7295 7296 2
7296 7297 10
7297 7298 1
7298 7299 7
7299 7300 3
7300 7301 1
7301 7302 5
7302 7303 4
7303 7304 9
7304 7305 8
7305 7306 4
7306 7307 5
7307 7308 9
7308 7309 3
7309 7310 4
7310 7311 1
7311 7312 10
7312 7313 4
7313 7314 6
7314 7315 7
7315 7316 5
7316 7317 9
7317 7318 5
7318 7319 3
7319 7320 5
7320 7321 2
7321 7322 7
7322 7323 1
7323 7324 7
7324 7325 4
7325 7326 1
7326 7327 6
7327 7328 8
7328 7329 4
7329 7330 8
7330 7331 9
7331 7332 6
7332 7333 8
7333 7334 4
7334 7335 9
7335 7336 1
7336 7337 1
7337 7338 10
7338 7339 3
7339 7340 7
7340 7341 8
7341 7342 8
7342 7343 3
7343 7344 1
7344 7345 6
7345 7346 7
7346 7347 9
7347 7348 10
7348 7349 9
7349 7350 7
7350 7351 3
7351 7352 6
7352 7353 1
7353 7354 8
7354 7355 8
7355 7356 2
7356 7357 5
7357 7358 9
7358 7359 6
7359 7360 4
7360 7361 7
7361 7362 6
7362 7363 7
7363 7364 6
7364 7365 3
7365 7366 4
7366 7367 3
7367 7368 6
7368 7369 6
7369 7370 10
7370 7371 10
7371 7372 9
7372 7373 9
7373 7374 8
7374 7375 6
7375 7376 6
7376 7377 1
7377 7378 7
7378 7379 7
7379 7380 2
7380 7381 2
7381 7382 3
7382 7383 5
7383 7384 5
7384 7385 1
7385 7386 6
7386 7387 2
7387 7388 2
7388 7389 10
7389 7390 10
7390 7391 1
7391 7392 9
7392 7393 10
7393 7394 10
7394 7395 7
7395 7396 5
7396 7397 7
7397 7398 8
7398 7399 1
7399 7400 2
7400 7401 1
7401 7402 9
7402 7403 3
7403 7404 1
7404 7405 7
7405 7406 3
7406 7407 7
7407 7408 1
7408 7409 3
7409 7410 6
7410 7411 8
7411 7412 4
7412 7413 5
7413 7414 4
7414 7415 2
7415 7416 2
7416 7417 4
7417 7418 1
7418 7419 9
7419 7420 5
7420 7421 3
7421 7422 3
7422 7423 2
7423 7424 8
7424 7425 6
7425 7426 10
7426 7427 8
7427 7428 8
7428 7429 10
7429 7430 2
7430 7431 4
7431 7432 10
7432 7433 3
7433 7434 1
7434 7435 3
7435 7436 7
7436 7437 7
7437 7438 1
7438 7439 8
7439 7440 3
7440 7441 3
7441 7442 5
7442 7443 1
7443 7444 3
7444 7445 8
7445 7446 7
7446 7447 4
7447 7448 6
7448 7449 1
7449 7450 6
7450 7451 7
7451 7452 7
7452 7453 3
7453 7454 3
7454 7455 4
7455 7456 10
7456 7457 9
7457 7458 7
7458 7459 4
7459 7460 1
7460 7461 1
7461 7462 1
7462 7463 10
7463 7464 4
7464 7465 10
7465 7466 10
7466 7467 6
7467 7468 8
7468 7469 1
7469 7470 8
7470 7471 8
7471 7472 10
7472 7473 9
7473 7474 1
7474 7475 5
7475 7476 4
7476 7477 3
7477 7478 10
7478 7479 2
7479 7480 10
7480 7481 2
7481 7482 10
7482 7483 3
7483 7484 5
7484 7485 3
7485 7486 10
7486 7487 5
7487 7488 4
7488 7489 1
7489 7490 6
7490 7491 2
7491 7492 6
7492 7493 10
7493 7494 2
7494 7495 6
7495 7496 2
7496 7497 5
7497 7498 10
7498 7499 9
7499 7500 3
7500 7501 5
7501 7502 1
7502 7503 3
7503 7504 5
7504 7505 7
7505 7506 3
7506 7507 4
7507 7508 10
7508 7509 10
7509 7510 7
7510 7511 1
7511 7512 10
7512 7513 2
7513 7514 1
7514 7515 6
7515 7516 6
7516 7517 7
7517 7518 4
7518 7519 3
7519 7520 6
7520 7521 9
7521 7522 7
7522 7523 10
7523 7524 1
7524 7525 6
7525 7526 9
7526 7527 6
7527 7528 10
7528 7529 4
7529 7530 1
7530 7531 3
7531 7532 7
7532 7533 9
7533 7534 9
7534 7535 10
7535 7536 4
7536 7537 2
7537 7538 10
7538 7539 3
7539 7540 1
7540 7541 2
7541 7542 10
7542 7543 2
7543 7544 2
7544 7545 6
7545 7546 9
7546 7547 4
7547 7548 9
7548 7549 5
7549 7550 6
7550 7551 1
7551 7552 7
7552 7553 6
7553 7554 9
7554 7555 9
7555 7556 4
7556 7557 8
7557 7558 1
7558 7559 10
7559 7560 4
7560 7561 4
7561 7562 10
7562 7563 8
7563 7564 2
7564 7565 9
7565 7566 3
7566 7567 2
7567 7568 1
7568 7569 6
7569 7570 6
7570 7571 2
7571 7572 8
7572 7573 10
7573 7574 9
7574 7575 6
7575 7576 3
7576 7577 7
7577 7578 9
7578 7579 5
7579 7580 6
7580 7581 2
7581 7582 4
7582 7583 6
7583 7584 8
7584 7585 8
7585 7586 7
7586 7587 2
7587 7588 6
7588 7589 3
7589 7590 1
7590 7591 1
7591 7592 3
7592 7593 8
7593 7594 10
7594 7595 4
7595 7596 2
7596 7597 8
7597 7598 5
7598 7599 8
7599 7600 8
7600 7601 4
7601 7602 6
7602 7603 1
7603 7604 4
7604 7605 7
7605 7606 9
7606 7607 6
7607 7608 1
7608 7609 4
7609 7610 3
7610 7611 5
7611 7612 10
7612 7613 4
7613 7614 3
7614 7615 4
7615 7616 4
7616 7617 3
7617 7618 2
7618 7619 8
7619 7620 7
7620 7621 4
7621 7622 5
7622 7623 1
7623 7624 3
7624 7625 8
7625 7626 3
7626 7627 9
7627 7628 8
7628 7629 7
7629 7630 8
7630 7631 6
7631 7632 5
7632 7633 1
7633 7634 2
7634 7635 9
7635 7636 5
7636 7637 8
7637 7638 4
7638 7639 2
7639 7640 2
7640 7641 5
7641 7642 4
7642 7643 9
7643 7644 6
7644 7645 1
7645 7646 10
7646 7647 8
7647 7648 10
7648 7649 7
7649 7650 1
7650 7651 4
7651 7652 1
7652 7653 7
7653 7654 6
7654 7655 5
7655 7656 4
7656 7657 3
7657 7658 7
7658 7659 7
7659 7660 2
7660 7661 8
7661 7662 3
7662 7663 5
7663 7664 10
7664 7665 1
7665 7666 9
7666 7667 3
7667 7668 10
7668 7669 6
7669 7670 5
7670 7671 1
7671 7672 7
7672 7673 8
7673 7674 8
7674 7675 2
7675 7676 1
7676 7677 8
7677 7678 10
7678 7679 3
7679 7680 3
7680 7681 4
7681 7682 9
7682 7683 1
7683 7684 8
7684 7685 9
7685 7686 7
7686 7687 7
7687 7688 6
7688 7689 1
7689 7690 2
7690 7691 6
7691 7692 2
7692 7693 5
7693 7694 9
7694 7695 5
7695 7696 7
7696 7697 8
7697 7698 6
7698 7699 6
7699 7700 8
7700 7701 7
7701 7702 1
7702 7703 8
7703 7704 5
7704 7705 1
7705 7706 2
7706 7707 1
7707 7708 7
7708 7709 8
7709 7710 9
7710 7711 2
7711 7712 5
7712 7713 3
7713 7714 10
7714 7715 1
7715 7716 3
7716 7717 4
7717 7718 10
7718 7719 9
7719 7720 2
7720 7721 2
7721 7722 2
7722 7723 7
7723 7724 6
7724 7725 4
7725 7726 3
7726 7727 5
7727 7728 1
7728 7729 2
7729 7730 10
7730 7731 5
7731 7732 7
7732 7733 9
7733 7734 6
7734 7735 10
7735 7736 9
7736 7737 7
7737 7738 6
7738 7739 3
7739 7740 2
7740 7741 4
7741 7742 2
7742 7743 4
7743 7744 4
7744 7745 5
7745 7746 2
7746 7747 8
7747 7748 9
7748 7749 5
7749 7750 2
7750 7751 10
7751 7752 9
7752 7753 8
7753 7754 6
7754 7755 9
7755 7756 4
7756 7757 10
7757 7758 6
7758 7759 5
7759 7760 5
7760 7761 3
7761 7762 3
7762 7763 2
7763 7764 6
7764 7765 2
7765 7766 6
7766 7767 5
7767 7768 9
7768 7769 2
7769 7770 1
7770 7771 7
7771 7772 2
7772 7773 8
7773 7774 6
7774 7775 10
7775 7776 1
7776 7777 7
7777 7778 6
7778 7779 4
7779 7780 1
7780 7781 3
7781 7782 1
7782 7783 1
7783 7784 10
7784 7785 10
7785 7786 6
7786 7787 2
7787 7788 2
7788 7789 9
7789 7790 2
7790 7791 5
7791 7792 4
7792 7793 9
7793 7794 9
7794 7795 6
7795 7796 4
7796 7797 1
7797 7798 9
7798 7799 9
7799 7800 4
7800 7801 4
7801 7802 10
7802 7803 7
7803 7804 2
7804 7805 2
7805 7806 2
7806 7807 6
7807 7808 7
7808 7809 2
7809 7810 4
7810 7811 1
7811 7812 10
7812 7813 2
7813 7814 6
7814 7815 7
7815 7816 10
7816 7817 8
7817 7818 10
7818 7819 4
7819 7820 3
7820 7821 3
7821 7822 9
7822 7823 1
7823 7824 9
7824 7825 5
7825 7826 1
7826 7827 5
7827 7828 6
7828 7829 9
7829 7830 9
7830 7831 1
7831 7832 10
7832 7833 4
7833 7834 7
7834 7835 3
7835 7836 3
7836 7837 2
7837 7838 6
7838 7839 4
7839 7840 7
7840 7841 8
7841 7842 1
7842 7843 1
7843 7844 10
7844 7845 2
7845 7846 9
7846 7847 9
7847 7848 1
7848 7849 9
7849 7850 2
7850 7851 5
7851 7852 7
7852 7853 5
7853 7854 4
7854 7855 8
7855 7856 5
7856 7857 2
7857 7858 8
7858 7859 7
7859 7860 8
7860 7861 9
7861 7862 8
7862 7863 7
7863 7864 6
7864 7865 3
7865 7866 3
7866 7867 1
7867 7868 7
7868 7869 9
7869 7870 1
7870 7871 10
7871 7872 3
7872 7873 9
7873 7874 3
7874 7875 2
7875 7876 8
7876 7877 1
7877 7878 4
7878 7879 7
7879 7880 2
7880 7881 2
7881 7882 9
7882 7883 7
7883 7884 1
7884 7885 2
7885 7886 10
7886 7887 8
7887 7888 6
7888 7889 7
7889 7890 8
7890 7891 1
7891 7892 4
7892 7893 2
7893 7894 9
7894 7895 3
7895 7896 7
7896 7897 1
7897 7898 2
7898 7899 2
7899 7900 8
7900 7901 5
7901 7902 10
7902 7903 4
7903 7904 10
7904 7905 5
7905 7906 6
7906 7907 1
7907 7908 3
7908 7909 2
7909 7910 5
7910 7911 2
7911 7912 7
7912 7913 4
7913 7914 7
7914 7915 7
7915 7916 3
7916 7917 1
7917 7918 7
7918 7919 2
7919 7920 9
7920 7921 2
7921 7922 5
7922 7923 6
7923 7924 8
7924 7925 4
7925 7926 10
7926 7927 5
7927 7928 9
7928 7929 10
7929 7930 1
7930 7931 8
7931 7932 6
7932 7933 5
7933 7934 9
7934 7935 1
7935 7936 6
7936 7937 10
7937 7938 8
7938 7939 1
7939 7940 2
7940 7941 2
7941 7942 5
7942 7943 3
7943 7944 9
7944 7945 1
7945 7946 9
7946 7947 8
7947 7948 10
7948 7949 4
7949 7950 5
7950 7951 3
7951 7952 10
7952 7953 7
7953 7954 4
7954 7955 4
7955 7956 6
7956 7957 4
7957 7958 2
7958 7959 8
7959 7960 7
7960 7961 3
7961 7962 7
7962 7963 5
7963 7964 8
7964 7965 1
7965 7966 7
7966 7967 1
7967 7968 2
7968 7969 4
7969 7970 9
7970 7971 6
7971 7972 4
7972 7973 4
7973 7974 10
7974 7975 5
7975 7976 4
7976 7977 9
7977 7978 9
7978 7979 9
7979 7980 5
7980 7981 3
7981 7982 1
7982 7983 2
7983 7984 2
7984 7985 4
7985 7986 2
7986 7987 2
7987 7988 4
7988 7989 1
7989 7990 6
7990 7991 8
7991 7992 6
7992 7993 4
7993 7994 9
7994 7995 6
7995 7996 1
7996 7997 6
7997 7998 3
7998 7999 10
7999 8000 2
8000 8001 1
8001 8002 10
8002 8003 7
8003 8004 2
8004 8005 10
8005 8006 5
8006 8007 4
8007 8008 7
8008 8009 10
8009 8010 10
8010 8011 10
8011 8012 7
8012 8013 8
8013 8014 2
8014 8015 10
8015 8016 9
8016 8017 10
8017 8018 2
8018 8019 7
8019 8020 4
8020 8021 2
8021 8022 7
8022 8023 1
8023 8024 5
8024 8025 2
8025 8026 4
8026 8027 10
8027 8028 2
8028 8029 3
8029 8030 6
8030 8031 3
8031 8032 4
8032 8033 1
8033 8034 10
8034 8035 10
8035 8036 6
8036 8037 7
8037 8038 2
8038 8039 2
8039 8040 10
8040 8041 7
8041 8042 2
8042 8043 4
8043 8044 7
8044 8045 2
8045 8046 6
8046 8047 8
8047 8048 5
8048 8049 3
8049 8050 8
8050 8051 2
8051 8052 2
8052 8053 3
8053 8054 3
8054 8055 9
8055 8056 6
8056 8057 4
8057 8058 2
8058 8059 6
8059 8060 10
8060 8061 1
8061 8062 3
8062 8063 8
8063 8064 5
8064 8065 5
8065 8066 5
8066 8067 10
8067 8068 10
8068 8069 10
8069 8070 8
8070 8071 8
8071 8072 5
8072 8073 10
8073 8074 8
8074 8075 6
8075 8076 2
8076 8077 10
8077 8078 3
8078 8079 2
8079 8080 7
8080 8081 10
8081 8082 1
8082 8083 7
8083 8084 3
8084 8085 5
8085 8086 7
8086 8087 8
8087 8088 6
8088 8089 1
8089 8090 9
8090 8091 6
8091 8092 4
8092 8093 3
8093 8094 4
8094 8095 3
8095 8096 6
8096 8097 7
8097 8098 7
8098 8099 4
8099 8100 5
8100 8101 8
8101 8102 3
8102 8103 5
8103 8104 2
8104 8105 5
8105 8106 3
8106 8107 8
8107 8108 2
8108 8109 4
8109 8110 7
8110 8111 7
8111 8112 4
8112 8113 6
8113 8114 3
8114 8115 6
8115 8116 10
8116 8117 4
8117 8118 2
8118 8119 5
8119 8120 10
8120 8121 1
8121 8122 5
8122 8123 4
8123 8124 2
8124 8125 4
8125 8126 5
8126 8127 6
8127 8128 9
8128 8129 3
8129 8130 8
8130 8131 7
8131 8132 3
8132 8133 1
8133 8134 10
8134 8135 6
8135 8136 9
8136 8137 2
8137 8138 1
8138 8139 5
8139 8140 3
8140 8141 6
8141 8142 7
8142 8143 2
8143 8144 6
8144 8145 8
8145 8146 2
8146 8147 5
8147 8148 7
8148 8149 7
8149 8150 8
8150 8151 4
8151 8152 8
8152 8153 3
8153 8154 3
8154 8155 4
8155 8156 9
8156 8157 7
8157 8158 10
8158 8159 10
8159 8160 7
8160 8161 7
8161 8162 9
8162 8163 2
8163 8164 6
8164 8165 6
8165 8166 8
8166 8167 7
8167 8168 4
8168 8169 5
8169 8170 1
8170 8171 2
8171 8172 2
8172 8173 2
8173 8174 4
8174 8175 10
8175 8176 1
8176 8177 4
8177 8178 6
8178 8179 8
8179 8180 10
8180 8181 5
8181 8182 10
8182 8183 3
8183 8184 6
8184 8185 6
8185 8186 1
8186 8187 9
8187 8188 8
8188 8189 10
8189 8190 5
8190 8191 9
