1024 10485
0	1
0	2
0	3
0	4
0	5
0	9
0	10
0	12
0	16
0	17
0	18
0	19
0	22
0	23
0	24
0	28
0	29
0	31
0	32
0	39
0	45
0	48
0	52
0	56
0	60
0	63
0	64
0	65
0	70
0	71
0	72
0	75
0	76
0	80
0	85
0	86
0	95
0	102
0	110
0	116
0	119
0	127
0	130
0	131
0	136
0	137
0	138
0	140
0	144
0	145
0	154
0	159
0	176
0	179
0	181
0	191
0	193
0	204
0	206
0	216
0	228
0	248
0	253
0	255
0	257
0	259
0	260
0	262
0	263
0	269
0	271
0	273
0	275
0	276
0	281
0	287
0	288
0	296
0	297
0	309
0	312
0	320
0	324
0	326
0	362
0	384
0	386
0	392
0	394
0	402
0	415
0	435
0	439
0	441
0	446
0	449
0	456
0	469
0	483
0	512
0	514
0	516
0	519
0	520
0	522
0	524
0	527
0	530
0	531
0	532
0	540
0	547
0	551
0	565
0	575
0	583
0	588
0	605
0	609
0	617
0	639
0	641
0	642
0	643
0	645
0	646
0	656
0	663
0	673
0	677
0	703
0	704
0	711
0	735
0	736
0	769
0	783
0	786
0	790
0	805
0	815
0	817
0	840
0	859
0	869
0	871
0	896
0	898
0	902
0	913
0	916
0	960
0	968
1	0
1	3
1	4
1	8
1	10
1	12
1	16
1	21
1	22
1	23
1	24
1	32
1	34
1	36
1	38
1	39
1	41
1	52
1	54
1	55
1	63
1	66
1	67
1	79
1	80
1	82
1	95
1	112
1	129
1	132
1	138
1	144
1	154
1	160
1	174
1	181
1	195
1	201
1	256
1	257
1	275
1	278
1	289
1	305
1	319
1	320
1	349
1	391
1	394
1	395
1	401
1	433
1	451
1	452
1	457
1	470
1	486
1	488
1	512
1	516
1	521
1	522
1	525
1	528
1	530
1	552
1	555
1	560
1	562
1	576
1	579
1	591
1	593
1	596
1	609
1	639
1	641
1	650
1	657
1	687
1	703
1	712
1	744
1	768
1	782
1	801
1	831
1	833
1	840
1	853
1	913
1	924
1	960
1	964
1	992
2	0
2	1
2	3
2	5
2	6
2	7
2	8
2	9
2	10
2	12
2	18
2	20
2	23
2	24
2	32
2	33
2	36
2	38
2	40
2	58
2	63
2	66
2	84
2	86
2	90
2	106
2	127
2	129
2	130
2	135
2	136
2	137
2	141
2	143
2	151
2	169
2	171
2	186
2	195
2	199
2	201
2	210
2	233
2	255
2	263
2	264
2	267
2	270
2	272
2	274
2	275
2	303
2	354
2	416
2	436
2	453
2	461
2	481
2	513
2	514
2	519
2	521
2	527
2	539
2	545
2	547
2	552
2	559
2	560
2	570
2	595
2	615
2	640
2	643
2	660
2	672
2	690
2	703
2	704
2	712
2	713
2	737
2	783
2	786
2	792
2	824
2	832
2	899
2	905
2	917
2	919
3	0
3	4
3	11
3	14
3	16
3	17
3	20
3	34
3	44
3	48
3	56
3	61
3	66
3	81
3	123
3	132
3	160
3	173
3	179
3	207
3	216
3	219
3	234
3	260
3	272
3	311
3	313
3	328
3	402
3	551
3	739
3	767
3	769
3	777
3	925
3	963
3	983
3	998
4	0
4	1
4	8
4	9
4	10
4	16
4	20
4	28
4	35
4	40
4	44
4	46
4	52
4	54
4	60
4	63
4	67
4	68
4	70
4	71
4	77
4	95
4	102
4	103
4	110
4	116
4	128
4	130
4	134
4	136
4	138
4	139
4	141
4	144
4	159
4	164
4	175
4	176
4	208
4	210
4	249
4	256
4	257
4	259
4	260
4	264
4	267
4	271
4	274
4	275
4	279
4	325
4	326
4	369
4	384
4	387
4	389
4	415
4	439
4	448
4	452
4	469
4	513
4	515
4	517
4	529
4	532
4	535
4	536
4	544
4	581
4	609
4	623
4	639
4	640
4	657
4	664
4	667
4	685
4	703
4	704
4	773
4	775
4	785
4	818
4	839
4	877
4	896
4	897
4	919
4	944
4	959
4	978
4	1013
5	1
5	16
5	17
5	22
5	37
5	39
5	42
5	52
5	63
5	68
5	77
5	81
5	88
5	89
5	128
5	198
5	260
5	261
5	264
5	268
5	277
5	328
5	335
5	345
5	354
5	383
5	396
5	479
5	560
5	579
5	593
5	607
5	657
5	666
5	681
5	720
5	721
5	767
5	768
5	769
5	775
5	896
6	2
6	3
6	5
6	8
6	15
6	16
6	20
6	21
6	25
6	32
6	48
6	66
6	103
6	123
6	127
6	143
6	161
6	192
6	232
6	255
6	259
6	273
6	276
6	292
6	325
6	383
6	388
6	407
6	507
6	512
6	515
6	518
6	525
6	545
6	560
6	561
6	577
6	635
6	640
6	645
6	680
6	715
6	773
6	784
6	799
6	800
6	820
6	936
6	961
7	6
7	22
7	34
7	50
7	63
7	81
7	104
7	113
7	156
7	320
7	327
7	338
7	417
7	519
7	520
7	527
7	577
7	644
7	675
7	687
7	824
7	908
7	943
7	946
8	0
8	1
8	2
8	4
8	5
8	7
8	10
8	17
8	18
8	21
8	32
8	33
8	40
8	42
8	45
8	48
8	49
8	51
8	52
8	60
8	66
8	67
8	73
8	79
8	80
8	82
8	83
8	88
8	95
8	101
8	103
8	105
8	107
8	119
8	127
8	128
8	135
8	139
8	141
8	144
8	148
8	149
8	152
8	156
8	159
8	160
8	167
8	173
8	194
8	202
8	208
8	215
8	216
8	223
8	228
8	255
8	256
8	258
8	260
8	264
8	274
8	275
8	279
8	289
8	301
8	303
8	326
8	335
8	336
8	337
8	341
8	344
8	369
8	372
8	384
8	394
8	400
8	405
8	409
8	415
8	419
8	420
8	435
8	437
8	447
8	448
8	449
8	452
8	466
8	484
8	512
8	548
8	559
8	576
8	580
8	583
8	644
8	656
8	658
8	663
8	672
8	704
8	803
8	836
8	840
8	851
8	864
8	881
8	900
8	906
8	952
8	961
9	0
9	8
9	13
9	25
9	56
9	80
9	87
9	96
9	120
9	125
9	127
9	129
9	135
9	136
9	144
9	176
9	203
9	229
9	258
9	304
9	310
9	313
9	316
9	327
9	376
9	384
9	408
9	511
9	544
9	548
9	576
9	586
9	593
9	599
9	615
9	724
10	3
10	4
10	16
10	22
10	24
10	25
10	32
10	44
10	46
10	63
10	95
10	97
10	101
10	115
10	116
10	149
10	154
10	162
10	199
10	200
10	211
10	215
10	224
10	231
10	259
10	261
10	288
10	327
10	333
10	343
10	344
10	371
10	384
10	516
10	517
10	535
10	545
10	552
10	576
10	577
10	587
10	592
10	604
10	615
10	641
10	643
10	655
10	656
10	672
10	703
10	714
10	737
10	768
10	897
10	918
11	0
11	12
11	17
11	32
11	34
11	69
11	128
11	129
11	132
11	152
11	247
11	261
11	271
11	292
11	297
11	336
11	434
11	448
11	461
11	475
11	541
11	547
11	575
11	587
11	609
11	640
11	720
11	1010
12	1
12	2
12	9
12	19
12	23
12	32
12	33
12	34
12	36
12	40
12	44
12	49
12	52
12	67
12	112
12	115
12	128
12	132
12	161
12	191
12	213
12	216
12	226
12	256
12	261
12	277
12	280
12	295
12	304
12	305
12	308
12	324
12	332
12	335
12	367
12	383
12	511
12	512
12	527
12	528
12	535
12	545
12	576
12	647
12	770
12	892
12	899
12	1016
13	1
13	2
13	7
13	8
13	20
13	29
13	63
13	84
13	85
13	87
13	131
13	160
13	161
13	175
13	189
13	191
13	257
13	297
13	298
13	388
13	519
13	524
13	557
13	603
13	631
13	656
13	672
13	715
13	800
14	0
14	17
14	68
14	83
14	96
14	113
14	127
14	136
14	147
14	151
14	229
14	287
14	304
14	314
14	369
14	550
14	578
14	580
14	595
14	671
14	769
14	772
14	776
15	9
15	16
15	25
15	32
15	79
15	132
15	159
15	255
15	317
15	326
15	362
15	573
15	780
16	0
16	3
16	4
16	5
16	8
16	10
16	12
16	15
16	17
16	19
16	21
16	24
16	26
16	27
16	28
16	30
16	31
16	32
16	35
16	41
16	43
16	46
16	51
16	57
16	63
16	64
16	67
16	69
16	71
16	72
16	98
16	99
16	111
16	122
16	127
16	128
16	136
16	144
16	148
16	159
16	160
16	162
16	193
16	199
16	202
16	207
16	220
16	243
16	256
16	258
16	265
16	266
16	279
16	285
16	288
16	296
16	298
16	307
16	319
16	326
16	364
16	368
16	372
16	383
16	384
16	385
16	386
16	393
16	411
16	420
16	478
16	513
16	515
16	516
16	517
16	519
16	527
16	532
16	540
16	544
16	559
16	575
16	583
16	585
16	592
16	593
16	595
16	608
16	610
16	639
16	641
16	644
16	647
16	658
16	708
16	768
16	780
16	793
16	801
16	808
16	814
16	870
16	909
16	928
16	972
17	4
17	7
17	10
17	12
17	21
17	32
17	40
17	127
17	135
17	136
17	137
17	155
17	168
17	175
17	181
17	208
17	229
17	256
17	282
17	289
17	302
17	463
17	511
17	514
17	527
17	530
17	543
17	544
17	548
17	594
17	595
17	613
17	639
17	640
17	643
17	667
17	715
17	770
17	778
17	785
17	823
17	839
17	853
17	899
17	986
18	1
18	9
18	12
18	17
18	20
18	24
18	33
18	55
18	67
18	77
18	81
18	102
18	127
18	128
18	131
18	134
18	136
18	159
18	258
18	261
18	266
18	284
18	288
18	327
18	346
18	353
18	452
18	467
18	516
18	522
18	524
18	529
18	531
18	532
18	571
18	575
18	577
18	611
18	665
18	693
18	745
18	822
18	898
18	959
18	1008
19	0
19	1
19	2
19	8
19	21
19	63
19	76
19	128
19	129
19	131
19	177
19	196
19	276
19	357
19	391
19	448
19	512
19	514
19	521
19	552
19	647
19	660
19	682
19	769
19	779
19	789
19	805
20	5
20	6
20	7
20	11
20	12
20	29
20	33
20	34
20	37
20	49
20	60
20	67
20	76
20	90
20	122
20	127
20	128
20	129
20	175
20	193
20	228
20	233
20	256
20	259
20	294
20	295
20	296
20	321
20	324
20	358
20	385
20	391
20	471
20	479
20	513
20	537
20	549
20	560
20	596
20	608
20	659
20	673
20	768
20	835
20	842
20	905
20	922
21	32
21	119
21	130
21	139
21	145
21	149
21	257
21	265
21	521
21	562
21	566
21	771
21	773
21	806
21	881
22	2
22	3
22	27
22	34
22	42
22	49
22	54
22	56
22	71
22	106
22	133
22	140
22	193
22	225
22	291
22	306
22	319
22	326
22	385
22	528
22	565
22	597
22	639
22	832
22	897
22	971
23	7
23	64
23	99
23	168
23	280
23	321
23	384
23	525
23	552
23	584
23	780
23	784
24	0
24	1
24	3
24	4
24	6
24	16
24	17
24	18
24	20
24	21
24	28
24	35
24	49
24	52
24	65
24	67
24	71
24	72
24	73
24	79
24	82
24	113
24	130
24	134
24	136
24	176
24	191
24	195
24	205
24	208
24	226
24	257
24	259
24	260
24	263
24	282
24	293
24	297
24	319
24	321
24	369
24	383
24	391
24	415
24	487
24	511
24	560
24	575
24	648
24	668
24	730
24	761
24	771
24	799
24	833
24	844
24	863
24	884
24	886
24	891
24	920
25	0
25	2
25	3
25	8
25	9
25	14
25	33
25	48
25	69
25	91
25	130
25	260
25	295
25	321
25	340
25	355
25	511
25	515
25	529
25	594
25	776
26	2
26	11
26	14
26	16
26	42
26	67
26	79
26	145
26	159
26	176
26	209
26	261
26	333
26	343
26	392
26	694
26	705
26	769
27	14
27	128
27	136
27	143
27	169
27	216
27	423
27	568
28	21
28	22
28	40
28	41
28	97
28	128
28	135
28	245
28	383
28	455
28	513
28	530
28	618
28	712
28	733
28	833
28	868
28	903
29	1
29	8
29	13
29	44
29	49
29	258
29	357
29	428
29	465
29	522
29	552
29	842
29	864
30	53
30	75
30	76
30	80
30	218
30	392
30	513
30	522
30	523
31	8
31	12
31	19
31	66
31	88
31	98
31	360
31	383
31	391
31	649
31	767
31	832
32	0
32	8
32	16
32	18
32	19
32	20
32	21
32	24
32	27
32	29
32	40
32	48
32	51
32	52
32	56
32	63
32	67
32	75
32	76
32	78
32	80
32	83
32	84
32	91
32	95
32	96
32	97
32	128
32	132
32	133
32	137
32	138
32	149
32	153
32	165
32	191
32	202
32	224
32	235
32	257
32	260
32	261
32	264
32	266
32	275
32	276
32	280
32	288
32	291
32	296
32	309
32	324
32	326
32	329
32	330
32	385
32	392
32	399
32	425
32	450
32	504
32	511
32	512
32	513
32	519
32	525
32	531
32	532
32	535
32	544
32	547
32	549
32	582
32	586
32	590
32	600
32	643
32	647
32	656
32	659
32	675
32	676
32	703
32	739
32	803
32	815
32	826
32	847
32	897
33	0
33	2
33	3
33	6
33	10
33	16
33	49
33	75
33	80
33	143
33	159
33	191
33	226
33	258
33	259
33	260
33	261
33	267
33	279
33	370
33	389
33	393
33	423
33	449
33	459
33	465
33	481
33	511
33	514
33	526
33	532
33	543
33	577
33	584
33	622
33	672
33	676
33	688
33	712
33	733
33	800
33	802
33	821
33	823
33	854
33	871
33	897
33	938
33	944
34	1
34	4
34	9
34	16
34	33
34	36
34	43
34	54
34	63
34	64
34	98
34	103
34	133
34	140
34	159
34	192
34	255
34	260
34	264
34	303
34	319
34	327
34	341
34	392
34	431
34	512
34	533
34	545
34	581
34	618
34	642
34	664
34	667
34	703
34	742
34	768
34	776
34	815
34	833
34	1005
35	21
35	85
35	127
35	128
35	197
35	217
35	259
35	280
35	416
35	528
35	533
35	575
35	614
35	771
35	776
35	837
35	887
36	1
36	2
36	4
36	6
36	8
36	9
36	16
36	18
36	24
36	33
36	41
36	64
36	80
36	114
36	127
36	139
36	145
36	151
36	171
36	194
36	240
36	256
36	263
36	290
36	292
36	300
36	311
36	319
36	326
36	335
36	388
36	399
36	405
36	451
36	511
36	513
36	515
36	531
36	540
36	552
36	583
36	591
36	658
36	668
36	731
36	745
36	768
36	808
36	813
36	853
36	897
36	995
37	5
37	11
37	12
37	18
37	19
37	65
37	67
37	79
37	80
37	138
37	140
37	149
37	259
37	279
37	296
37	353
37	363
37	384
37	511
37	521
37	543
37	580
37	600
37	697
37	770
38	27
38	32
38	35
38	36
38	67
38	74
38	136
38	161
38	170
38	173
38	226
38	242
38	256
38	269
38	273
38	276
38	404
38	527
38	712
38	769
38	867
39	0
39	1
39	4
39	103
39	147
39	159
39	195
39	292
39	403
39	640
39	676
40	0
40	4
40	8
40	9
40	24
40	33
40	34
40	56
40	70
40	73
40	81
40	100
40	127
40	152
40	197
40	208
40	215
40	223
40	227
40	264
40	266
40	287
40	356
40	404
40	413
40	447
40	448
40	511
40	517
40	561
40	567
40	579
40	678
40	757
40	769
40	770
40	913
40	924
40	991
41	0
41	9
41	10
41	16
41	22
41	28
41	36
41	66
41	67
41	103
41	140
41	183
41	207
41	305
41	307
41	327
41	329
41	353
41	525
41	526
41	528
41	547
41	549
41	594
41	660
41	726
41	833
41	899
41	914
41	961
42	16
42	51
42	56
42	63
42	81
42	109
42	132
42	192
42	207
42	279
42	321
42	322
42	351
42	399
42	512
42	516
42	627
42	776
42	783
43	0
43	8
43	12
43	265
43	323
43	375
43	388
43	392
43	543
43	555
43	671
43	675
43	783
43	839
44	10
44	16
44	17
44	34
44	142
44	165
44	182
44	203
44	217
44	272
44	320
44	385
44	399
44	415
44	443
44	464
44	517
44	593
44	613
44	653
44	703
44	704
44	771
45	16
45	42
45	73
45	95
45	139
45	173
45	323
45	329
45	349
45	531
45	681
45	805
46	3
46	8
46	32
46	40
46	215
46	721
47	264
47	291
47	511
47	518
48	4
48	6
48	16
48	17
48	20
48	24
48	36
48	56
48	59
48	60
48	63
48	87
48	101
48	104
48	115
48	131
48	135
48	143
48	160
48	168
48	169
48	171
48	255
48	263
48	265
48	289
48	303
48	322
48	339
48	383
48	404
48	427
48	513
48	528
48	529
48	531
48	575
48	607
48	611
48	629
48	721
48	767
48	771
48	797
48	888
48	896
48	899
48	960
49	8
49	16
49	46
49	69
49	100
49	101
49	128
49	214
49	262
49	272
49	275
49	282
49	292
49	312
49	336
49	347
49	402
49	403
49	511
49	543
49	549
49	608
49	646
49	825
49	927
50	2
50	4
50	16
50	24
50	37
50	63
50	65
50	75
50	97
50	115
50	130
50	173
50	273
50	523
50	581
50	683
50	737
51	1
51	8
51	32
51	88
51	123
51	171
51	179
51	512
51	516
51	547
51	567
51	643
52	0
52	3
52	8
52	16
52	24
52	30
52	41
52	48
52	63
52	69
52	86
52	119
52	133
52	136
52	177
52	260
52	324
52	336
52	387
52	498
52	514
52	515
52	516
52	522
52	576
52	820
53	11
53	13
53	147
53	156
53	212
53	288
53	322
53	384
53	415
53	511
53	596
53	689
53	790
53	893
53	912
54	16
54	34
54	48
54	98
54	209
54	258
54	484
54	543
54	659
54	767
54	776
55	0
55	9
55	44
55	75
55	280
55	513
55	612
55	615
55	640
55	844
56	49
56	65
56	71
56	94
56	130
56	135
56	196
56	202
56	255
56	260
56	281
56	291
56	296
56	328
56	428
56	513
56	523
56	536
56	580
56	768
56	803
56	812
56	879
56	900
57	49
57	140
57	211
57	511
57	514
57	522
57	656
58	2
58	17
58	36
58	48
58	53
58	303
58	343
58	415
58	518
58	782
58	868
59	4
59	9
59	11
59	41
59	75
59	580
59	641
59	737
59	935
60	9
60	63
60	67
60	69
60	166
60	306
60	386
60	447
60	577
60	579
60	634
60	679
60	799
60	873
61	36
61	143
61	147
61	199
61	289
61	562
61	576
61	778
62	5
62	41
62	65
62	73
62	191
62	481
63	12
63	18
63	25
63	36
63	44
63	52
63	53
63	56
63	58
63	79
63	81
63	83
63	97
63	127
63	129
63	145
63	151
63	176
63	207
63	227
63	255
63	259
63	292
63	310
63	319
63	328
63	344
63	399
63	419
63	455
63	520
63	544
63	552
63	562
63	571
63	576
63	580
63	583
63	672
63	673
63	711
63	799
63	816
63	831
63	840
63	921
63	962
64	0
64	1
64	9
64	10
64	11
64	21
64	24
64	26
64	30
64	33
64	35
64	36
64	53
64	56
64	63
64	65
64	70
64	100
64	127
64	135
64	136
64	137
64	141
64	161
64	162
64	175
64	185
64	208
64	231
64	241
64	258
64	275
64	281
64	282
64	291
64	330
64	353
64	384
64	389
64	399
64	401
64	439
64	511
64	513
64	519
64	529
64	534
64	549
64	559
64	582
64	583
64	586
64	624
64	627
64	640
64	651
64	660
64	675
64	709
64	715
64	717
64	736
64	749
64	767
64	768
64	771
64	773
64	775
64	780
64	782
64	785
64	818
64	826
64	912
64	1015
65	2
65	7
65	10
65	17
65	18
65	20
65	23
65	30
65	32
65	34
65	44
65	63
65	67
65	73
65	81
65	95
65	98
65	112
65	128
65	130
65	159
65	167
65	191
65	265
65	267
65	271
65	272
65	316
65	319
65	323
65	325
65	339
65	394
65	407
65	418
65	419
65	464
65	479
65	495
65	511
65	512
65	514
65	515
65	529
65	535
65	537
65	563
65	576
65	592
65	658
65	661
65	703
65	730
65	737
65	776
65	786
65	844
65	880
65	970
65	993
66	0
66	2
66	36
66	40
66	48
66	52
66	69
66	97
66	105
66	127
66	145
66	179
66	225
66	255
66	257
66	321
66	473
66	487
66	515
66	543
66	552
66	581
66	668
66	713
66	851
66	880
67	0
67	2
67	8
67	20
67	24
67	35
67	37
67	63
67	83
67	129
67	151
67	161
67	163
67	194
67	195
67	232
67	257
67	259
67	260
67	263
67	272
67	292
67	302
67	303
67	304
67	339
67	372
67	384
67	391
67	394
67	447
67	511
67	513
67	544
67	566
67	592
67	595
67	639
67	641
67	650
67	672
67	722
67	779
67	788
67	1012
68	2
68	12
68	22
68	64
68	79
68	105
68	111
68	129
68	147
68	151
68	165
68	191
68	211
68	255
68	257
68	291
68	305
68	307
68	311
68	336
68	543
68	643
68	645
68	663
68	780
68	809
68	849
68	960
69	4
69	34
69	40
69	68
69	72
69	76
69	175
69	272
69	289
69	384
69	392
69	465
69	518
69	588
69	597
69	657
69	672
69	775
69	844
69	897
69	944
70	1
70	103
70	147
70	435
70	576
70	663
70	802
70	929
71	0
71	2
71	20
71	32
71	100
71	132
71	153
71	204
71	213
71	259
71	272
71	279
71	280
71	319
71	440
71	511
71	512
71	513
71	514
71	535
71	540
71	544
71	592
71	610
71	647
71	719
71	748
71	785
71	793
71	834
72	0
72	1
72	2
72	3
72	25
72	34
72	35
72	55
72	64
72	67
72	68
72	73
72	74
72	80
72	96
72	107
72	108
72	133
72	155
72	159
72	272
72	296
72	302
72	336
72	402
72	447
72	464
72	528
72	535
72	543
72	560
72	576
72	641
72	780
72	791
72	904
73	24
73	25
73	40
73	69
73	75
73	92
73	135
73	152
73	159
73	196
73	256
73	260
73	266
73	332
73	527
73	659
73	664
73	767
73	771
73	781
73	800
73	839
74	17
74	36
74	63
74	73
74	129
74	136
74	163
74	198
74	242
74	259
74	261
74	277
74	346
74	520
74	527
75	36
75	45
75	67
75	68
75	133
75	143
75	147
75	392
75	432
75	435
75	515
75	568
75	573
75	599
75	840
75	858
75	896
75	900
75	914
75	968
76	5
76	6
76	7
76	44
76	63
76	101
76	127
76	201
76	202
76	257
76	343
76	416
76	474
76	488
76	544
76	547
76	666
76	895
76	955
77	8
77	64
77	132
77	145
77	196
77	299
77	469
77	692
77	787
78	0
78	7
78	18
78	91
78	145
78	184
78	231
78	256
78	323
78	421
78	601
78	615
78	640
78	679
78	799
79	8
79	10
79	16
79	33
79	54
79	65
79	67
79	72
79	82
79	96
79	121
79	128
79	148
79	161
79	165
79	207
79	225
79	230
79	258
79	264
79	273
79	389
79	397
79	402
79	454
79	490
79	526
79	555
79	578
79	592
79	832
79	836
79	896
79	907
79	927
79	932
80	0
80	9
80	32
80	41
80	49
80	65
80	75
80	113
80	123
80	129
80	135
80	144
80	192
80	209
80	239
80	247
80	256
80	265
80	283
80	288
80	294
80	367
80	437
80	449
80	514
80	527
80	531
80	601
80	616
81	3
81	16
81	49
81	64
81	104
81	127
81	141
81	165
81	191
81	192
81	237
81	336
81	386
81	655
81	661
81	674
81	828
81	833
81	839
81	935
81	948
82	8
82	11
82	16
82	18
82	74
82	80
82	95
82	135
82	177
82	275
82	385
82	419
82	550
82	587
82	682
83	9
83	10
83	21
83	38
83	47
83	62
83	67
83	129
83	132
83	192
83	282
83	338
83	385
83	413
83	512
83	514
83	549
83	591
83	768
83	961
84	0
84	1
84	8
84	10
84	262
84	403
84	483
84	534
84	561
84	640
84	757
84	832
84	963
85	21
85	32
85	67
85	127
85	210
85	274
85	412
85	516
85	523
85	607
85	625
86	16
86	49
86	56
86	68
86	82
86	148
86	256
86	268
86	393
86	565
86	834
87	0
87	6
87	8
87	14
87	42
87	65
87	73
87	79
87	80
87	136
87	160
87	192
87	264
87	276
87	296
87	352
87	513
87	531
87	585
87	617
87	718
88	1
88	11
88	16
88	24
88	32
88	68
88	71
88	85
88	92
88	94
88	110
88	138
88	231
88	271
88	320
88	407
88	519
88	624
88	671
88	766
88	767
88	838
88	873
89	8
89	12
89	13
89	31
89	143
89	305
89	385
89	557
89	739
89	904
90	40
90	64
90	128
90	134
90	217
90	767
91	0
91	1
91	41
91	45
91	93
91	145
91	267
91	336
92	16
92	96
92	264
92	344
92	395
92	545
93	4
93	6
93	13
93	49
94	720
94	768
95	0
95	2
95	6
95	9
95	10
95	13
95	16
95	36
95	54
95	56
95	63
95	69
95	131
95	159
95	191
95	216
95	384
95	391
95	447
95	511
95	513
95	521
95	527
95	556
95	579
95	607
95	626
95	708
95	769
95	775
95	822
95	922
96	0
96	34
96	37
96	40
96	44
96	48
96	80
96	127
96	164
96	191
96	256
96	259
96	265
96	320
96	325
96	331
96	383
96	385
96	410
96	512
96	528
96	561
96	590
96	640
96	799
96	871
96	913
96	934
97	8
97	20
97	82
97	132
97	134
97	175
97	209
97	258
97	271
97	294
97	331
97	452
97	511
97	513
97	514
97	518
97	544
97	552
97	599
97	667
97	707
97	786
98	6
98	48
98	50
98	56
98	75
98	83
98	106
98	179
98	192
98	227
98	280
98	328
98	387
98	456
98	582
98	593
98	640
98	645
98	703
98	802
98	880
98	922
99	10
99	17
99	19
99	32
99	41
99	265
99	304
99	452
99	465
99	511
99	515
99	572
99	599
99	840
100	17
100	18
100	35
100	63
100	81
100	96
100	113
100	255
100	256
100	261
100	276
100	279
100	610
100	768
100	813
100	991
101	4
101	9
101	10
101	12
101	24
101	34
101	132
101	194
101	325
101	352
101	377
101	400
101	517
101	562
101	609
101	696
102	6
102	118
102	139
102	169
102	287
102	672
103	4
103	18
103	20
103	26
103	37
103	65
103	105
103	276
103	300
103	355
103	448
103	513
103	657
103	664
103	668
103	713
103	780
103	983
104	10
104	16
104	22
104	67
104	71
104	72
104	133
104	327
104	381
104	518
104	627
104	644
104	775
104	839
105	12
105	100
105	159
105	193
105	449
105	615
105	665
105	688
105	767
105	904
106	11
106	36
106	43
106	49
106	207
106	257
106	352
106	513
106	551
107	85
107	272
107	323
107	336
107	363
107	529
107	603
107	647
107	895
108	0
108	27
108	61
108	144
108	255
108	314
108	468
108	511
108	785
109	18
109	32
109	40
109	159
109	288
109	327
109	389
109	671
110	135
110	306
110	387
110	584
110	930
111	18
111	50
111	152
111	171
111	183
111	192
111	195
111	268
111	302
111	307
111	311
111	320
111	338
111	416
111	601
111	727
111	858
111	972
112	37
112	151
112	185
112	327
112	511
112	525
112	533
112	544
112	657
112	805
113	3
113	4
113	44
113	57
113	65
113	96
113	129
113	165
113	210
113	239
113	258
113	299
113	323
113	358
113	449
113	525
113	527
113	589
113	716
113	862
114	236
114	555
114	619
114	643
114	789
114	970
115	63
115	128
115	195
115	323
115	552
115	557
115	824
116	0
116	130
116	257
116	388
116	420
116	552
117	38
117	39
117	225
117	264
117	656
117	794
118	2
118	624
119	13
119	129
119	140
119	312
119	612
119	639
120	2
120	12
120	131
120	141
120	334
120	561
121	372
122	127
122	706
123	68
124	1
124	333
124	740
125	256
127	337
127	0
127	9
127	17
127	30
127	31
127	34
127	41
127	48
127	56
127	64
127	69
127	129
127	136
127	139
127	140
127	145
127	160
127	169
127	193
127	195
127	196
127	202
127	212
127	223
127	229
127	255
127	256
127	257
127	259
127	263
127	336
127	369
127	375
127	434
127	447
127	494
127	520
127	531
127	532
127	533
127	540
127	551
127	559
127	596
127	629
127	674
127	677
127	771
127	844
128	0
128	1
128	8
128	11
128	15
128	20
128	32
128	33
128	35
128	36
128	41
128	44
128	48
128	58
128	63
128	70
128	71
128	80
128	87
128	98
128	100
128	104
128	105
128	111
128	129
128	137
128	141
128	145
128	147
128	159
128	179
128	255
128	256
128	259
128	261
128	277
128	288
128	304
128	321
128	327
128	335
128	357
128	368
128	417
128	479
128	515
128	517
128	527
128	529
128	544
128	585
128	614
128	640
128	655
128	671
128	709
128	724
128	737
128	752
128	775
128	784
128	792
128	847
128	857
128	891
128	903
128	936
128	983
129	0
129	9
129	32
129	33
129	34
129	37
129	42
129	50
129	52
129	63
129	64
129	72
129	74
129	91
129	130
129	145
129	197
129	260
129	285
129	290
129	323
129	329
129	343
129	358
129	373
129	397
129	416
129	512
129	514
129	515
129	551
129	583
129	585
129	647
129	649
129	707
129	767
129	769
129	775
129	788
129	896
129	919
129	987
129	1015
130	2
130	6
130	21
130	26
130	32
130	63
130	64
130	68
130	101
130	107
130	114
130	128
130	131
130	159
130	185
130	196
130	235
130	259
130	284
130	288
130	299
130	350
130	352
130	400
130	412
130	467
130	479
130	512
130	531
130	551
130	556
130	576
130	658
130	768
130	833
130	863
130	926
130	981
130	1002
131	0
131	8
131	18
131	25
131	32
131	44
131	65
131	75
131	121
131	132
131	151
131	161
131	162
131	194
131	208
131	230
131	240
131	255
131	279
131	287
131	288
131	307
131	334
131	409
131	511
131	529
131	541
131	555
131	634
131	648
131	661
131	842
131	1011
132	2
132	3
132	4
132	15
132	45
132	81
132	138
132	257
132	333
132	385
132	386
132	387
132	405
132	480
132	511
132	512
132	515
132	544
132	548
132	591
132	655
132	673
132	675
132	721
132	771
132	954
133	3
133	8
133	64
133	87
133	129
133	226
133	392
133	511
133	672
133	772
133	801
134	64
134	172
134	196
134	202
134	257
134	273
134	288
134	392
134	400
134	515
134	570
134	589
135	0
135	20
135	32
135	37
135	38
135	50
135	54
135	71
135	80
135	81
135	84
135	128
135	129
135	131
135	133
135	144
135	176
135	196
135	224
135	368
135	415
135	503
135	512
135	513
135	519
135	529
135	538
135	580
135	589
135	609
135	654
135	779
135	784
135	839
136	0
136	4
136	10
136	32
136	34
136	35
136	36
136	40
136	52
136	63
136	65
136	104
136	127
136	130
136	181
136	200
136	224
136	273
136	319
136	323
136	344
136	377
136	397
136	402
136	543
136	575
136	580
136	668
136	689
136	707
136	792
136	815
136	828
136	836
137	5
137	32
137	48
137	53
137	127
137	135
137	165
137	174
137	226
137	271
137	278
137	293
137	338
137	436
137	517
137	561
137	586
137	639
137	671
137	720
137	776
137	812
137	897
137	961
137	966
138	37
138	40
138	66
138	71
138	83
138	86
138	184
138	196
138	207
138	211
138	223
138	288
138	291
138	307
138	320
138	342
138	457
138	521
138	577
138	646
138	863
139	12
139	17
139	40
139	48
139	93
139	143
139	166
139	213
139	297
139	335
139	363
139	420
139	556
139	585
139	712
139	911
139	953
140	1
140	18
140	112
140	266
140	267
140	535
140	547
140	559
140	639
140	695
140	703
140	850
141	1
141	111
141	196
141	257
141	261
141	321
141	448
141	512
141	548
141	602
141	642
141	644
141	658
141	912
142	0
142	34
142	571
142	640
142	770
142	917
143	0
143	17
143	24
143	32
143	36
143	64
143	74
143	122
143	162
143	167
143	201
143	220
143	229
143	275
143	287
143	322
143	383
143	387
143	395
143	512
143	518
143	563
143	580
143	594
143	644
143	705
143	825
143	831
143	832
144	10
144	16
144	18
144	33
144	38
144	41
144	57
144	65
144	74
144	117
144	147
144	159
144	212
144	241
144	255
144	274
144	384
144	386
144	399
144	432
144	519
144	520
144	592
144	652
144	656
144	668
144	696
144	775
144	838
145	0
145	7
145	8
145	9
145	64
145	130
145	178
145	320
145	352
145	359
145	365
145	411
145	448
145	551
145	562
145	579
145	614
145	739
145	769
146	3
146	4
146	8
146	17
146	18
146	21
146	27
146	46
146	91
146	151
146	163
146	256
146	303
146	322
146	340
146	351
146	483
146	587
146	778
146	911
147	34
147	42
147	181
147	275
147	298
147	407
147	641
147	676
147	691
147	767
147	865
148	10
148	32
148	34
148	37
148	63
148	196
148	264
148	301
148	469
148	518
148	555
148	655
148	680
148	698
148	738
148	743
149	10
149	88
149	113
149	160
149	479
149	519
149	533
149	645
149	656
150	39
150	140
150	152
150	248
150	290
150	321
150	400
150	512
150	777
150	1016
151	0
151	1
151	12
151	13
151	16
151	17
151	19
151	24
151	38
151	63
151	259
151	274
151	290
151	524
151	537
151	549
151	698
151	769
151	820
151	868
152	18
152	35
152	41
152	85
152	140
152	143
152	144
152	183
152	210
152	232
152	255
152	258
152	279
152	299
152	389
152	391
152	392
152	467
152	516
152	560
152	605
152	618
152	731
152	871
153	107
153	132
153	186
153	275
153	388
153	417
153	497
153	815
153	895
154	21
154	28
154	71
154	160
154	283
154	736
154	963
155	132
155	164
155	247
155	391
155	513
155	610
156	8
156	29
156	38
156	407
156	711
157	0
157	44
157	95
157	164
157	270
157	371
157	665
157	780
158	36
158	50
158	525
158	544
158	768
158	774
158	942
159	0
159	4
159	12
159	17
159	19
159	57
159	64
159	79
159	80
159	108
159	140
159	259
159	263
159	272
159	289
159	416
159	424
159	459
159	463
159	495
159	511
159	512
159	520
159	527
159	529
159	533
159	559
159	575
159	580
159	623
159	742
159	781
159	840
160	0
160	1
160	10
160	20
160	22
160	33
160	34
160	46
160	66
160	92
160	127
160	161
160	212
160	226
160	255
160	256
160	264
160	450
160	512
160	515
160	526
160	529
160	539
160	545
160	549
160	580
160	587
160	641
160	688
160	690
160	737
160	796
160	812
160	920
161	0
161	2
161	12
161	16
161	22
161	24
161	32
161	44
161	63
161	71
161	81
161	106
161	128
161	132
161	139
161	169
161	203
161	214
161	288
161	353
161	484
161	515
161	535
161	553
161	578
161	599
161	650
162	20
162	28
162	48
162	90
162	111
162	129
162	132
162	141
162	146
162	164
162	336
162	497
162	607
162	767
162	771
162	791
162	918
163	2
163	8
163	20
163	41
163	42
163	65
163	130
163	132
163	202
163	257
163	273
163	383
163	467
163	468
163	583
163	657
163	736
163	898
164	0
164	103
164	121
164	261
164	296
164	387
165	10
165	17
165	32
165	62
165	65
165	131
165	133
165	137
165	154
165	183
165	259
165	287
165	320
165	328
165	380
165	609
165	799
165	820
165	899
166	21
166	59
166	74
166	77
166	230
166	321
166	351
166	519
166	548
166	723
167	1
167	6
167	9
167	10
167	24
167	49
167	63
167	91
167	134
167	139
167	260
167	312
167	405
167	439
167	513
167	767
167	834
168	15
168	64
168	178
168	256
168	287
168	615
168	783
168	787
168	872
168	900
169	12
169	20
169	27
169	100
169	132
169	207
169	297
169	522
169	587
169	671
169	776
169	799
170	3
170	16
170	20
170	288
170	321
170	568
170	640
170	771
171	79
171	81
171	98
171	110
171	178
171	261
171	274
171	279
171	292
171	834
172	72
172	146
172	151
172	288
172	306
173	3
173	37
173	273
173	275
173	383
173	576
173	723
174	215
174	511
174	611
174	703
174	955
175	20
175	30
175	32
175	40
175	67
175	99
175	113
175	164
175	256
175	264
175	528
175	576
175	655
175	668
175	767
175	916
176	19
176	21
176	60
176	64
176	71
176	167
176	259
176	324
176	326
176	513
176	546
176	564
176	567
176	576
176	695
176	805
176	855
176	885
176	911
177	8
177	32
177	101
177	131
177	135
177	143
177	265
177	488
177	512
177	519
177	819
177	831
177	907
177	968
178	54
178	66
178	129
178	287
178	322
178	517
178	523
178	598
179	4
179	5
179	21
179	71
179	126
179	400
179	405
179	406
179	463
180	8
180	16
180	63
180	127
180	203
180	608
180	815
181	71
181	235
181	416
182	67
182	267
182	517
182	581
182	711
183	4
183	22
183	71
183	107
183	268
183	272
183	390
183	595
183	967
184	10
184	12
184	110
184	128
184	135
184	159
184	272
184	297
184	354
184	399
184	544
184	577
184	791
184	852
185	10
185	32
185	260
185	297
185	392
185	401
186	198
187	24
187	543
187	921
188	96
188	290
188	356
188	761
189	12
189	139
189	192
189	577
189	578
189	927
190	292
191	0
191	3
191	4
191	15
191	28
191	35
191	39
191	64
191	72
191	136
191	143
191	162
191	184
191	224
191	238
191	243
191	254
191	255
191	263
191	327
191	349
191	386
191	447
191	464
191	515
191	519
191	639
191	720
191	772
191	777
191	815
191	816
191	834
191	944
191	959
192	5
192	8
192	40
192	44
192	65
192	76
192	88
192	96
192	101
192	177
192	200
192	208
192	304
192	306
192	343
192	370
192	512
192	528
192	575
192	596
192	598
192	601
192	645
192	687
192	817
192	821
192	899
193	3
193	4
193	8
193	10
193	16
193	32
193	42
193	46
193	63
193	75
193	107
193	139
193	153
193	164
193	169
193	173
193	176
193	244
193	327
193	335
193	338
193	383
193	514
193	527
193	607
193	609
193	648
193	965
194	5
194	6
194	18
194	20
194	24
194	56
194	63
194	155
194	228
194	229
194	256
194	340
194	449
194	450
194	849
194	909
195	96
195	127
195	135
195	144
195	160
195	202
195	228
195	247
195	291
195	303
195	367
195	520
195	523
195	602
195	651
195	769
195	919
195	959
196	18
196	27
196	67
196	68
196	75
196	127
196	136
196	259
196	274
196	287
196	326
196	328
196	373
196	447
196	511
196	568
196	578
196	628
196	642
196	669
196	789
196	800
197	9
197	36
197	80
197	140
197	256
197	271
197	281
197	511
197	851
198	6
198	16
198	44
198	68
198	84
198	274
198	368
198	515
198	534
198	544
198	552
198	729
199	1
199	4
199	17
199	44
199	48
199	51
199	71
199	72
199	161
199	271
199	287
199	385
199	405
199	516
199	548
199	556
199	579
199	911
199	970
200	4
200	9
200	37
200	72
200	261
200	267
200	327
200	512
200	516
200	628
200	648
200	656
200	695
200	767
200	804
201	26
201	80
201	197
201	258
201	519
201	523
201	599
201	608
201	644
201	761
201	767
201	864
201	994
202	1
202	32
202	183
202	255
202	291
202	333
202	447
202	716
202	952
203	18
203	139
203	144
203	164
203	188
203	193
203	205
203	479
203	675
203	735
204	2
204	33
204	193
204	269
204	296
204	514
204	645
204	783
205	18
205	174
205	560
206	1
206	9
206	38
206	213
206	215
206	417
206	571
207	1
207	12
207	67
207	72
207	108
207	129
207	142
207	250
207	257
207	303
207	387
207	516
207	627
207	839
208	8
208	20
208	38
208	41
208	71
208	99
208	161
208	193
208	263
208	291
208	292
208	295
208	385
208	484
208	517
208	808
208	994
208	998
209	16
209	106
209	154
209	393
209	551
209	693
209	704
210	18
210	28
210	48
210	128
210	679
210	701
211	0
211	24
211	28
211	64
211	257
211	610
211	713
212	12
212	20
212	142
212	144
212	159
212	180
212	269
212	272
212	293
212	560
212	567
212	592
212	717
212	770
213	224
213	311
213	385
213	895
214	139
214	191
214	580
215	143
215	335
215	549
216	10
216	67
216	968
217	8
217	68
217	82
217	89
217	113
217	136
217	258
217	262
217	384
217	531
217	786
217	807
217	882
218	40
218	315
218	385
218	641
219	54
219	83
219	352
219	512
220	365
220	561
221	128
221	616
223	0
223	7
223	25
223	60
223	73
223	136
223	272
223	386
223	389
223	391
223	399
223	520
223	653
223	680
223	712
223	767
223	833
223	835
223	866
223	911
224	8
224	16
224	50
224	98
224	143
224	250
224	271
224	386
224	417
224	513
224	768
225	8
225	17
225	33
225	37
225	84
225	193
225	317
225	337
225	463
225	511
225	516
225	543
225	593
225	839
226	117
226	528
226	579
226	604
226	629
226	801
226	871
227	4
227	68
227	256
227	729
227	777
228	127
228	131
228	399
229	415
229	417
229	544
230	191
230	665
231	4
231	8
231	11
231	338
231	551
231	552
231	706
231	843
232	32
232	37
232	67
232	107
232	173
232	255
232	327
232	384
232	457
232	656
233	65
233	255
233	256
233	864
234	6
234	39
234	275
234	515
235	34
235	314
235	800
235	935
236	0
236	66
236	538
236	553
236	566
236	617
237	36
237	309
237	336
237	791
238	351
238	800
238	920
239	41
239	57
239	65
239	256
239	343
239	368
239	549
239	897
240	27
240	103
240	440
241	8
241	18
241	48
241	259
241	516
242	63
242	583
242	648
242	664
243	32
243	107
243	242
243	427
243	659
243	714
243	783
244	3
244	35
244	332
244	649
245	145
245	385
245	391
246	89
246	108
246	447
246	577
247	95
247	169
247	199
247	713
248	259
248	624
249	131
249	260
249	508
250	528
250	915
251	67
251	138
251	521
252	144
253	18
253	173
253	465
254	2
255	0
255	10
255	13
255	16
255	18
255	20
255	34
255	36
255	38
255	47
255	49
255	50
255	68
255	71
255	131
255	136
255	151
255	164
255	165
255	220
255	223
255	258
255	263
255	272
255	291
255	329
255	345
255	362
255	394
255	424
255	447
255	454
255	473
255	513
255	518
255	529
255	532
255	545
255	577
255	583
255	584
255	621
255	639
255	642
255	661
255	697
255	704
255	730
255	739
255	798
256	0
256	1
256	2
256	4
256	8
256	16
256	24
256	38
256	47
256	48
256	82
256	104
256	112
256	120
256	124
256	128
256	143
256	148
256	162
256	163
256	170
256	194
256	195
256	265
256	286
256	288
256	325
256	327
256	337
256	383
256	393
256	394
256	422
256	448
256	475
256	487
256	513
256	529
256	591
256	646
256	674
256	704
256	772
256	800
256	807
256	833
256	834
256	958
256	981
257	0
257	1
257	4
257	5
257	7
257	8
257	22
257	24
257	30
257	52
257	63
257	67
257	73
257	81
257	93
257	96
257	104
257	132
257	133
257	135
257	155
257	160
257	184
257	191
257	208
257	235
257	267
257	305
257	319
257	323
257	333
257	376
257	385
257	394
257	403
257	405
257	434
257	458
257	484
257	512
257	515
257	535
257	537
257	539
257	576
257	677
257	714
257	768
257	784
257	796
257	800
257	966
258	0
258	4
258	13
258	24
258	48
258	50
258	62
258	64
258	80
258	109
258	147
258	154
258	176
258	259
258	264
258	303
258	324
258	338
258	440
258	511
258	514
258	518
258	554
258	630
258	648
258	767
258	807
258	833
259	1
259	8
259	19
259	24
259	64
259	65
259	69
259	71
259	81
259	110
259	130
259	165
259	166
259	176
259	193
259	255
259	260
259	268
259	273
259	287
259	423
259	424
259	518
259	522
259	528
259	534
259	548
259	555
259	576
259	624
259	634
259	640
259	672
259	681
259	717
259	799
260	2
260	5
260	8
260	18
260	25
260	32
260	72
260	74
260	84
260	127
260	131
260	185
260	193
260	225
260	273
260	275
260	320
260	368
260	369
260	459
260	486
260	531
260	544
260	550
260	639
260	643
260	646
260	674
260	696
260	716
260	739
260	801
260	896
260	897
260	919
261	2
261	20
261	29
261	31
261	128
261	177
261	200
261	244
261	259
261	273
261	296
261	312
261	387
261	483
261	791
262	20
262	37
262	66
262	69
262	89
262	91
262	105
262	227
262	263
262	264
262	279
262	540
262	668
263	0
263	15
263	21
263	32
263	38
263	48
263	50
263	69
263	93
263	97
263	102
263	129
263	146
263	161
263	300
263	306
263	319
263	320
263	384
263	394
263	447
263	575
263	594
263	639
263	666
263	706
263	721
263	776
263	832
263	840
263	842
264	0
264	2
264	20
264	26
264	35
264	40
264	68
264	73
264	86
264	121
264	136
264	196
264	255
264	271
264	324
264	347
264	351
264	361
264	511
264	691
264	711
264	831
264	929
265	20
265	38
265	48
265	64
265	71
265	83
265	98
265	99
265	128
265	132
265	179
265	288
265	515
265	534
265	542
265	591
265	593
265	608
265	626
265	651
265	747
265	773
266	0
266	2
266	36
266	40
266	48
266	132
266	165
266	221
266	321
266	338
266	384
266	422
266	544
266	674
266	864
266	928
267	1
267	2
267	12
267	35
267	155
267	173
267	257
267	351
267	356
267	377
267	392
267	407
267	512
267	515
267	576
267	642
267	777
268	0
268	3
268	11
268	168
268	272
268	329
268	505
268	512
268	658
268	871
269	0
269	3
269	64
269	67
269	110
269	292
269	359
269	533
269	535
269	640
269	751
269	920
269	972
270	20
270	33
270	48
270	128
270	225
270	255
270	273
270	408
270	583
270	922
271	0
271	7
271	14
271	20
271	31
271	32
271	41
271	63
271	81
271	99
271	133
271	138
271	176
271	261
271	283
271	326
271	362
271	512
271	515
271	517
271	538
271	543
271	550
271	560
271	575
271	602
271	620
271	623
271	649
271	665
271	771
271	784
271	871
272	4
272	8
272	34
272	36
272	38
272	83
272	98
272	131
272	132
272	148
272	151
272	199
272	231
272	283
272	290
272	297
272	302
272	320
272	368
272	391
272	422
272	439
272	521
272	528
272	581
272	603
272	640
272	645
272	743
272	808
272	864
273	4
273	8
273	10
273	30
273	52
273	80
273	127
273	192
273	200
273	221
273	224
273	303
273	311
273	327
273	360
273	459
273	512
273	537
273	543
273	547
273	571
273	579
273	598
273	612
273	880
274	35
274	64
274	65
274	86
274	112
274	199
274	225
274	281
274	293
274	319
274	342
274	431
274	481
274	520
274	551
274	566
274	673
274	744
274	788
274	795
274	817
275	0
275	24
275	34
275	38
275	63
275	66
275	138
275	146
275	263
275	266
275	466
275	511
275	517
275	525
275	528
275	568
275	582
275	607
275	617
275	706
275	898
275	904
276	1
276	6
276	32
276	268
276	400
276	703
276	772
276	779
276	805
276	850
277	4
277	12
277	153
277	173
277	256
277	296
277	308
277	600
277	675
277	689
277	864
278	84
278	306
278	608
278	611
278	640
278	676
278	799
278	841
279	1
279	32
279	48
279	71
279	149
279	193
279	303
279	385
279	434
279	439
279	467
279	530
279	552
280	18
280	35
280	36
280	63
280	93
280	123
280	145
280	304
280	903
280	962
281	4
281	8
281	9
281	16
281	25
281	64
281	65
281	92
281	101
281	284
281	322
281	529
281	641
282	2
282	4
282	20
282	72
282	151
282	588
283	0
283	24
283	32
283	194
283	488
283	833
284	18
284	32
284	34
284	129
284	270
284	271
284	287
284	295
284	495
284	632
285	155
285	297
285	539
285	552
285	673
285	1015
286	12
286	33
286	131
286	195
286	259
286	511
286	567
287	6
287	13
287	16
287	26
287	37
287	66
287	67
287	111
287	128
287	131
287	133
287	196
287	224
287	228
287	258
287	262
287	388
287	405
287	515
287	531
287	586
287	671
287	741
287	785
287	800
287	836
287	848
287	887
287	898
287	1018
288	1
288	9
288	10
288	35
288	106
288	132
288	176
288	224
288	229
288	245
288	256
288	257
288	262
288	273
288	306
288	324
288	327
288	511
288	512
288	514
288	518
288	544
288	546
288	801
288	815
289	8
289	10
289	24
289	33
289	59
289	84
289	128
289	168
289	192
289	214
289	235
289	257
289	266
289	322
289	403
289	427
289	512
289	518
289	551
289	583
289	604
289	645
289	767
289	896
289	900
290	5
290	7
290	115
290	136
290	161
290	167
290	171
290	243
290	328
290	457
290	513
290	520
290	530
290	576
290	804
290	871
290	898
291	0
291	35
291	80
291	115
291	127
291	135
291	152
291	154
291	174
291	199
291	202
291	225
291	255
291	259
291	263
291	271
291	320
291	395
291	532
291	559
291	564
291	613
291	703
291	767
291	832
292	0
292	1
292	3
292	4
292	5
292	9
292	28
292	64
292	71
292	160
292	196
292	256
292	281
292	295
292	303
292	519
292	584
292	652
292	771
293	0
293	9
293	36
293	87
293	191
293	256
293	259
293	635
293	639
293	808
293	834
293	971
294	11
294	30
294	36
294	64
294	88
294	160
294	355
294	387
294	525
294	649
294	661
294	909
295	16
295	28
295	127
295	132
295	285
295	342
295	345
295	360
295	383
295	399
295	413
295	425
295	511
295	527
295	802
296	8
296	16
296	32
296	129
296	131
296	163
296	239
296	276
296	592
296	784
296	897
296	904
297	0
297	1
297	2
297	26
297	136
297	192
297	203
297	409
297	416
297	513
297	617
298	8
298	10
298	17
298	65
298	135
298	262
298	265
298	273
298	529
298	531
298	639
298	671
298	684
299	27
299	37
299	62
299	64
299	66
299	129
299	141
299	257
299	263
299	511
299	593
299	646
299	885
300	29
300	77
300	84
300	103
300	128
300	153
300	307
301	28
301	259
301	261
301	271
301	458
301	531
301	532
301	543
301	580
301	895
302	772
302	924
303	32
303	36
303	52
303	59
303	100
303	136
303	383
303	464
303	535
303	624
303	748
303	768
303	960
304	0
304	8
304	12
304	20
304	36
304	64
304	88
304	159
304	257
304	275
304	291
304	327
304	347
304	372
304	459
304	480
304	743
304	771
304	808
304	899
304	946
304	976
305	179
305	259
305	368
305	403
305	427
305	552
305	592
305	643
305	719
305	770
305	773
306	61
306	64
306	143
306	151
306	181
306	575
306	783
306	831
306	928
306	1012
307	65
307	131
307	151
307	195
307	390
307	519
307	593
307	687
307	835
308	4
308	56
308	81
308	95
308	639
308	682
308	705
308	785
309	32
309	182
309	384
309	395
309	433
309	516
309	673
310	514
310	767
311	0
311	18
311	65
311	73
311	103
311	131
311	145
311	167
311	187
311	226
311	512
311	561
311	732
311	736
311	897
312	52
312	64
312	256
312	261
312	411
312	513
312	776
312	931
313	0
313	16
313	53
313	99
313	159
313	255
313	575
313	774
313	776
314	191
314	253
314	513
315	0
315	23
315	24
315	282
315	768
316	2
316	275
317	32
317	83
317	130
317	207
317	226
317	1007
318	73
319	515
319	962
319	5
319	10
319	11
319	38
319	64
319	69
319	71
319	74
319	112
319	128
319	129
319	207
319	277
319	289
319	296
319	321
319	336
319	384
319	386
319	403
319	437
319	520
319	540
319	548
319	597
319	679
319	779
319	806
319	829
319	831
319	961
320	3
320	5
320	8
320	19
320	20
320	21
320	22
320	32
320	127
320	129
320	178
320	197
320	232
320	264
320	294
320	402
320	448
320	528
320	547
320	551
320	566
320	583
320	627
320	639
320	640
320	815
320	972
321	19
321	32
321	68
321	75
321	86
321	129
321	130
321	208
321	272
321	331
321	377
321	415
321	436
321	458
321	521
321	528
321	562
321	577
321	639
321	811
321	832
322	59
322	384
322	511
322	543
322	588
322	613
322	860
323	4
323	16
323	67
323	117
323	267
323	332
323	424
323	515
323	577
323	644
323	804
324	40
324	44
324	53
324	176
324	228
324	286
324	322
324	396
324	520
324	528
324	579
324	634
324	833
324	900
324	991
325	0
325	24
325	359
325	367
325	545
326	26
326	56
326	67
326	98
326	136
326	227
326	466
326	519
326	833
326	851
326	962
327	1
327	2
327	23
327	35
327	45
327	104
327	128
327	244
327	250
327	267
327	272
327	295
327	511
327	558
327	612
327	645
327	704
327	711
327	713
327	771
328	64
328	102
328	112
328	183
328	184
328	247
328	258
328	260
328	461
328	494
328	515
328	813
329	40
329	63
329	65
329	82
329	273
329	279
329	463
329	515
329	552
329	640
329	651
330	16
330	101
330	135
330	169
330	231
330	869
331	2
331	12
331	48
331	263
331	488
331	660
331	709
331	800
332	4
332	27
332	147
332	152
332	306
332	520
332	899
333	12
333	55
333	403
333	467
333	909
334	3
334	70
334	520
334	679
335	14
335	17
335	43
335	95
335	96
335	132
335	255
335	306
335	364
335	417
335	521
335	545
335	550
336	0
336	1
336	2
336	8
336	10
336	13
336	25
336	132
336	198
336	224
336	267
336	279
336	337
336	412
336	901
337	1
337	37
337	71
337	84
337	147
337	460
337	511
337	583
337	707
337	995
338	9
338	269
338	290
338	320
338	647
338	775
339	33
339	225
339	234
339	575
339	636
339	769
340	7
340	83
340	132
340	134
340	137
340	385
341	0
341	1
341	32
341	67
341	92
341	160
341	467
341	661
342	5
342	276
342	325
342	577
342	785
343	46
343	68
343	127
343	136
343	140
343	271
343	288
343	384
343	512
343	548
343	838
344	92
344	136
344	166
344	251
344	351
344	610
344	775
344	939
345	1
345	2
345	30
345	131
345	159
345	163
345	321
345	370
345	554
345	767
345	852
346	262
346	264
346	512
346	563
346	965
347	23
347	97
347	108
347	323
347	332
347	335
347	961
348	578
348	726
349	18
349	146
349	252
349	295
349	617
350	383
350	457
350	511
351	2
351	9
351	33
351	76
351	92
351	99
351	113
351	195
351	221
351	256
351	273
351	512
351	567
351	720
351	748
351	771
351	832
352	5
352	68
352	129
352	156
352	226
352	283
352	323
352	402
352	535
352	543
352	552
352	576
352	613
352	738
353	16
353	26
353	30
353	39
353	68
353	144
353	148
353	256
353	284
353	307
353	465
353	529
353	563
353	719
353	802
353	896
354	1
354	2
354	12
354	196
354	273
354	512
354	648
354	654
354	772
354	815
354	917
355	32
355	136
355	139
355	160
355	283
355	511
355	570
356	32
356	34
356	58
356	103
356	112
356	134
356	257
356	521
356	658
356	674
356	790
357	73
357	99
357	152
357	387
357	542
358	29
358	162
358	202
358	276
358	397
358	635
359	0
359	256
359	513
359	767
360	0
360	34
360	80
360	256
360	463
360	784
360	836
360	848
360	921
361	0
361	23
361	56
361	158
361	191
361	225
361	280
361	421
361	567
361	645
362	3
362	12
362	160
363	80
363	116
363	127
363	229
363	371
363	643
364	337
364	505
364	573
364	906
365	23
365	73
365	99
365	271
365	284
365	287
365	624
365	689
366	12
366	63
367	5
367	16
367	105
367	280
367	677
367	723
367	771
367	945
368	2
368	14
368	17
368	33
368	255
368	340
368	391
368	416
368	422
368	514
368	621
368	641
368	672
368	829
369	3
369	98
369	147
369	513
369	579
369	599
369	716
369	832
369	913
370	12
370	327
370	593
371	165
371	182
371	192
371	731
371	827
372	72
372	271
372	288
372	645
373	609
373	946
374	127
374	164
374	415
375	0
375	127
375	323
375	351
375	801
376	16
376	24
376	112
376	230
377	50
377	255
377	413
380	3
380	647
381	662
383	0
383	4
383	31
383	34
383	38
383	51
383	81
383	84
383	95
383	121
383	131
383	161
383	192
383	224
383	267
383	271
383	288
383	315
383	330
383	384
383	543
383	546
383	551
383	559
383	610
383	749
383	767
383	850
383	856
383	862
383	945
383	975
383	988
384	17
384	24
384	32
384	34
384	58
384	86
384	104
384	128
384	138
384	176
384	196
384	209
384	259
384	281
384	319
384	373
384	405
384	515
384	516
384	547
384	553
384	557
384	639
384	680
384	689
384	743
384	768
384	784
384	841
385	0
385	1
385	2
385	32
385	75
385	120
385	172
385	255
385	263
385	267
385	372
385	407
385	462
385	463
385	485
385	528
385	529
385	538
385	550
385	578
385	623
385	671
385	772
386	1
386	8
386	23
386	24
386	43
386	54
386	69
386	165
386	513
386	516
386	578
386	673
386	703
386	733
386	962
387	0
387	32
387	56
387	138
387	168
387	272
387	308
387	385
387	412
387	553
387	617
387	647
387	688
387	792
387	899
387	900
387	952
388	0
388	8
388	33
388	50
388	53
388	64
388	133
388	168
388	198
388	210
388	397
388	514
388	516
388	640
388	788
388	865
389	81
389	263
389	299
389	383
389	512
389	551
390	97
390	128
390	133
390	320
390	590
391	0
391	187
391	274
391	396
391	481
391	512
391	549
391	638
391	714
391	716
392	0
392	24
392	26
392	136
392	256
392	351
392	480
392	642
392	691
392	751
392	784
393	11
393	13
393	27
393	36
393	44
393	287
393	294
393	322
393	515
393	607
393	679
393	782
394	71
394	72
394	95
394	152
394	256
394	320
395	2
395	32
395	35
395	131
395	135
395	203
395	295
395	372
395	597
395	671
395	815
395	895
395	904
395	908
396	32
396	181
396	512
396	526
396	536
396	599
396	994
397	10
397	18
397	49
397	130
397	283
397	676
397	719
397	774
397	977
398	12
398	255
398	315
398	956
399	4
399	24
399	99
399	140
399	162
399	195
399	393
399	483
399	538
399	547
399	582
399	642
399	643
399	721
399	770
399	847
400	4
400	8
400	34
400	159
400	239
400	389
400	551
400	824
400	829
401	127
401	162
401	285
401	526
401	587
401	931
401	959
402	34
402	116
402	127
402	137
402	153
402	163
402	554
402	791
402	821
403	72
403	73
403	106
403	292
403	402
403	447
403	488
403	587
403	644
403	703
403	768
403	920
404	2
404	6
404	64
404	88
404	256
404	267
404	284
404	303
404	327
404	336
404	513
404	582
404	768
404	802
405	45
405	103
405	391
405	415
405	511
405	515
405	803
406	108
406	376
407	16
407	48
407	129
407	144
407	262
407	288
407	408
407	512
407	607
407	721
408	63
408	101
408	167
408	266
408	318
408	512
408	536
409	43
409	53
409	159
409	196
409	301
409	461
410	159
410	173
410	256
410	566
411	65
411	72
411	129
411	139
411	201
411	209
411	272
411	273
411	593
411	612
411	898
412	4
412	17
412	56
412	112
412	550
412	642
412	675
412	777
413	16
414	80
415	5
415	12
415	17
415	38
415	48
415	49
415	56
415	74
415	87
415	95
415	161
415	177
415	194
415	233
415	237
415	240
415	385
415	521
415	527
415	575
415	585
415	777
415	879
415	916
416	0
416	2
416	33
416	48
416	73
416	108
416	127
416	131
416	159
416	160
416	199
416	259
416	386
416	550
416	671
417	32
417	88
417	116
417	120
417	144
417	150
417	282
417	304
417	321
417	326
417	385
417	511
417	683
418	20
418	32
418	49
418	577
418	583
418	815
419	40
419	93
419	256
419	325
419	380
419	537
420	54
420	64
420	74
420	130
420	224
420	225
420	313
420	321
420	424
420	664
420	832
421	1
421	304
421	356
421	615
421	635
422	127
422	272
422	389
423	1
423	5
423	30
423	155
423	211
423	427
423	513
423	530
423	874
424	47
424	74
424	135
424	265
425	13
425	400
425	513
426	108
426	549
427	4
427	36
427	99
427	335
427	400
427	511
427	558
428	72
429	51
429	303
430	18
430	303
430	888
431	16
431	66
431	67
431	199
431	205
431	384
431	528
432	0
432	111
432	472
432	687
432	812
433	33
433	160
433	191
433	256
433	609
434	49
434	543
434	785
435	66
435	321
435	478
435	757
436	577
437	2
437	68
437	643
437	817
438	4
438	12
439	192
439	290
439	697
440	291
440	331
440	435
441	224
442	20
442	41
442	432
443	34
443	39
443	49
443	161
443	354
443	840
444	69
444	361
444	674
444	876
445	1
445	259
445	332
447	0
447	1
447	18
447	25
447	32
447	149
447	192
447	259
447	272
447	291
447	396
447	563
447	619
447	706
447	733
447	825
448	0
448	3
448	8
448	39
448	88
448	100
448	135
448	152
448	173
448	204
448	269
448	327
448	495
448	548
448	552
448	553
448	624
448	720
448	767
448	906
448	962
449	64
449	81
449	223
449	256
449	274
449	288
449	401
449	530
449	554
449	899
450	22
450	44
450	136
450	153
450	278
450	407
450	449
450	523
450	831
450	963
451	17
451	143
451	198
451	311
451	515
451	838
452	18
452	84
452	105
452	200
452	400
452	532
452	832
452	910
453	345
453	522
453	580
453	651
454	63
454	135
455	18
455	48
455	97
455	192
455	257
455	419
456	6
456	24
456	56
456	66
456	133
456	610
456	657
457	548
457	553
458	36
458	75
458	477
458	616
458	762
459	52
459	65
459	768
459	912
460	325
460	338
460	592
461	83
461	514
461	659
462	256
463	0
463	1
463	193
463	199
463	455
463	771
464	1
464	79
464	145
464	275
464	524
464	801
465	133
465	140
465	198
465	211
465	264
465	363
465	419
465	576
465	800
466	67
466	319
466	651
466	885
467	1
467	12
467	68
467	116
467	781
468	2
468	50
468	97
468	160
468	255
468	781
468	899
469	6
469	99
471	34
471	129
471	143
471	145
471	349
471	516
472	3
472	39
472	63
472	516
473	0
473	60
473	785
473	810
475	97
475	291
475	647
476	4
476	432
476	662
479	5
479	161
479	183
479	260
479	279
479	419
479	513
479	542
479	589
479	591
479	625
479	648
479	788
480	1
480	2
480	28
480	34
480	259
480	321
480	340
480	753
480	864
481	44
481	319
481	351
481	512
481	521
481	575
482	75
482	159
482	303
482	759
483	26
483	337
483	511
483	598
484	258
484	444
484	537
484	551
485	418
486	643
487	203
488	3
488	64
488	288
489	320
490	33
490	48
490	643
490	959
491	37
491	594
492	295
493	174
493	383
493	530
494	127
495	2
495	134
495	143
495	248
496	33
496	77
496	79
496	96
496	351
497	212
497	707
498	279
498	649
499	9
499	32
499	309
499	452
500	548
500	711
501	921
501	975
502	693
503	6
503	157
503	453
503	657
503	856
504	419
504	448
504	831
506	79
507	31
508	143
508	796
511	0
511	1
511	3
511	8
511	16
511	22
511	26
511	32
511	33
511	34
511	35
511	44
511	48
511	63
511	79
511	81
511	84
511	128
511	145
511	151
511	167
511	194
511	204
511	213
511	214
511	215
511	256
511	271
511	276
511	295
511	303
511	312
511	314
511	335
511	361
511	368
511	389
511	407
511	433
511	472
511	481
511	497
511	512
511	514
511	522
511	527
511	532
511	536
511	543
511	575
511	584
511	617
511	623
511	720
511	731
511	735
511	767
511	768
511	769
511	808
511	815
511	831
511	904
511	971
511	980
512	0
512	5
512	6
512	7
512	13
512	16
512	18
512	23
512	32
512	33
512	34
512	35
512	48
512	63
512	65
512	70
512	74
512	87
512	96
512	112
512	132
512	133
512	153
512	159
512	175
512	180
512	213
512	222
512	257
512	263
512	273
512	279
512	298
512	311
512	320
512	324
512	391
512	402
512	416
512	423
512	484
512	511
512	519
512	523
512	528
512	531
512	561
512	563
512	570
512	579
512	604
512	646
512	657
512	666
512	673
512	697
512	705
512	771
512	904
512	937
512	994
512	1009
513	0
513	12
513	63
513	65
513	67
513	72
513	73
513	80
513	101
513	129
513	135
513	136
513	141
513	149
513	192
513	193
513	194
513	224
513	257
513	259
513	262
513	268
513	291
513	302
513	329
513	338
513	367
513	368
513	415
513	514
513	515
513	531
513	543
513	560
513	565
513	593
513	640
513	671
513	679
513	688
513	691
513	704
513	724
513	768
513	772
513	791
513	864
513	896
513	944
513	963
514	4
514	32
514	40
514	43
514	128
514	160
514	176
514	199
514	273
514	319
514	320
514	343
514	410
514	415
514	441
514	511
514	513
514	526
514	579
514	708
514	795
514	967
515	2
515	12
515	16
515	63
515	74
515	84
515	96
515	135
515	141
515	159
515	189
515	256
515	257
515	323
515	327
515	367
515	400
515	418
515	517
515	521
515	527
515	550
515	552
515	556
515	560
515	577
515	644
515	769
515	773
515	776
515	784
515	785
515	825
515	840
515	869
516	1
516	6
516	9
516	16
516	19
516	43
516	51
516	54
516	104
516	131
516	152
516	262
516	263
516	290
516	391
516	392
516	407
516	452
516	513
516	547
516	696
516	775
516	777
516	841
516	857
516	995
517	0
517	5
517	10
517	21
517	29
517	89
517	100
517	127
517	143
517	159
517	207
517	257
517	285
517	297
517	520
517	543
517	632
517	676
517	775
517	863
517	944
518	0
518	4
518	6
518	22
518	36
518	127
518	137
518	225
518	360
518	511
518	515
518	593
518	607
518	704
518	898
518	915
519	0
519	5
519	10
519	23
519	24
519	35
519	37
519	44
519	46
519	50
519	70
519	99
519	100
519	159
519	167
519	175
519	228
519	267
519	277
519	290
519	300
519	304
519	325
519	341
519	351
519	438
519	511
519	545
519	582
519	584
519	598
519	601
519	769
519	776
519	819
519	845
519	897
520	1
520	14
520	16
520	25
520	64
520	73
520	95
520	102
520	111
520	131
520	155
520	165
520	199
520	233
520	248
520	260
520	307
520	319
520	339
520	457
520	460
520	551
520	582
520	598
520	608
520	648
520	696
520	730
520	767
520	768
520	775
520	800
520	833
520	896
520	969
520	1008
521	0
521	4
521	20
521	40
521	52
521	79
521	87
521	192
521	242
521	273
521	379
521	415
521	511
521	535
521	596
521	624
521	671
521	836
521	856
521	913
522	4
522	5
522	8
522	71
522	120
522	207
522	227
522	237
522	255
522	482
522	511
522	774
523	2
523	4
523	16
523	19
523	20
523	40
523	98
523	122
523	148
523	154
523	204
523	259
523	480
523	529
523	532
523	545
523	551
523	604
523	627
523	641
524	20
524	64
524	90
524	143
524	323
524	408
524	525
524	529
524	546
524	800
525	14
525	25
525	63
525	165
525	235
525	307
525	513
525	531
525	589
526	0
526	7
526	50
526	511
527	2
527	5
527	8
527	16
527	22
527	24
527	32
527	35
527	51
527	54
527	66
527	71
527	80
527	135
527	139
527	147
527	167
527	168
527	205
527	228
527	279
527	292
527	300
527	321
527	352
527	401
527	480
527	496
527	512
527	516
527	525
527	559
527	583
527	656
527	705
527	709
527	800
527	852
528	4
528	34
528	51
528	65
528	71
528	74
528	103
528	127
528	128
528	144
528	194
528	208
528	255
528	263
528	267
528	269
528	310
528	335
528	367
528	369
528	384
528	389
528	400
528	471
528	575
528	576
528	594
528	669
528	671
528	706
528	736
528	921
528	928
528	961
529	0
529	2
529	4
529	12
529	35
529	73
529	75
529	175
529	182
529	203
529	227
529	279
529	281
529	356
529	370
529	449
529	545
529	588
529	704
530	3
530	30
530	37
530	89
530	144
530	161
530	211
530	262
530	266
530	292
530	296
530	309
530	543
530	562
530	659
530	791
531	1
531	8
531	10
531	16
531	17
531	22
531	60
531	64
531	66
531	67
531	86
531	111
531	147
531	163
531	199
531	261
531	296
531	311
531	547
531	583
531	841
532	4
532	8
532	31
532	33
532	50
532	66
532	82
532	120
532	163
532	255
532	263
532	272
532	356
532	385
532	521
532	529
532	588
532	603
532	672
532	703
532	745
532	970
533	64
533	97
533	161
533	258
533	269
533	271
533	280
533	357
533	415
533	527
533	639
533	676
533	771
533	870
533	914
533	1007
534	13
534	40
534	129
534	180
534	392
534	401
534	546
534	573
534	575
534	752
535	3
535	20
535	38
535	62
535	81
535	92
535	143
535	270
535	272
535	287
535	352
535	397
535	416
535	513
535	516
535	520
535	528
535	704
535	715
535	767
535	856
536	0
536	2
536	16
536	32
536	36
536	48
536	82
536	511
536	557
536	569
536	921
537	7
537	13
537	23
537	65
537	89
537	96
537	112
537	127
537	161
537	169
537	191
537	260
537	320
537	448
537	479
537	655
537	745
537	866
538	0
538	2
538	40
538	258
538	615
539	5
539	27
539	32
539	233
539	320
539	331
539	401
539	408
539	453
539	670
539	738
540	196
540	260
540	274
540	412
540	455
540	519
540	528
540	775
540	948
541	108
541	146
541	296
541	594
542	730
543	5
543	34
543	91
543	128
543	129
543	133
543	144
543	153
543	213
543	263
543	273
543	343
543	347
543	385
543	414
543	449
543	458
543	517
543	531
543	536
543	581
543	615
543	647
543	671
543	782
543	836
543	928
544	14
544	17
544	55
544	56
544	65
544	71
544	78
544	80
544	99
544	114
544	129
544	183
544	191
544	274
544	292
544	455
544	513
544	514
544	520
544	557
544	582
544	607
544	670
544	692
544	715
544	779
544	844
545	0
545	2
545	4
545	5
545	6
545	8
545	10
545	13
545	36
545	57
545	78
545	82
545	121
545	128
545	171
545	192
545	255
545	274
545	376
545	383
545	384
545	415
545	451
545	515
545	520
545	548
545	578
545	584
545	595
545	689
545	937
546	34
546	42
546	58
546	82
546	157
546	160
546	515
546	799
546	834
546	952
547	0
547	6
547	40
547	50
547	127
547	143
547	173
547	216
547	291
547	348
547	356
547	383
547	432
547	443
547	464
547	511
547	551
547	639
547	710
547	804
548	6
548	16
548	43
548	74
548	102
548	159
548	227
548	289
548	311
548	393
548	416
548	519
548	552
548	648
548	779
549	14
549	36
549	66
549	73
549	179
549	201
549	225
549	261
549	324
549	355
549	535
550	36
550	54
550	63
550	155
550	159
550	338
550	561
550	786
550	800
550	832
551	18
551	35
551	86
551	136
551	264
551	400
551	530
551	575
551	581
551	659
551	820
552	4
552	135
552	143
552	195
552	313
552	383
552	390
552	640
552	718
552	836
553	58
553	97
553	98
553	131
553	247
553	259
553	280
553	296
553	383
553	384
553	414
553	465
553	512
553	578
553	623
553	776
554	68
554	93
554	96
554	107
555	1
555	32
555	131
555	392
555	427
555	808
555	851
555	883
556	36
556	80
556	223
556	655
556	691
557	16
557	21
557	43
557	73
557	291
557	297
557	384
558	24
558	327
558	499
558	587
558	896
558	919
559	4
559	20
559	26
559	37
559	49
559	77
559	128
559	143
559	163
559	255
559	261
559	320
559	323
559	561
559	674
559	926
560	0
560	8
560	16
560	25
560	143
560	153
560	168
560	214
560	259
560	279
560	346
560	529
560	639
560	672
560	781
560	874
561	0
561	32
561	139
561	287
561	312
561	512
561	588
561	640
561	661
561	691
561	768
561	769
562	49
562	74
562	128
562	146
562	259
562	642
562	655
563	5
563	16
563	17
563	45
563	60
563	135
563	255
563	256
563	260
563	687
563	799
564	101
564	356
564	452
564	584
564	778
564	799
564	898
565	18
565	203
565	256
565	579
566	70
566	177
566	641
566	802
567	4
567	11
567	65
567	68
567	127
567	543
567	545
567	673
568	1
568	12
568	14
568	17
568	145
568	297
569	52
569	131
570	135
570	166
570	194
570	227
570	274
570	518
570	648
571	2
571	131
571	199
571	321
571	548
573	42
573	111
573	361
573	905
574	99
574	289
575	129
575	0
575	2
575	4
575	10
575	18
575	22
575	40
575	128
575	174
575	193
575	198
575	255
575	271
575	287
575	295
575	328
575	511
575	513
575	518
575	519
575	530
575	544
575	570
575	583
575	626
575	704
575	769
575	781
575	789
575	823
575	835
575	868
576	4
576	10
576	45
576	48
576	63
576	66
576	95
576	106
576	130
576	137
576	160
576	193
576	195
576	199
576	232
576	256
576	278
576	287
576	304
576	379
576	412
576	464
576	512
576	529
576	534
576	575
576	617
576	645
576	657
576	687
576	692
576	792
576	850
577	0
577	1
577	3
577	17
577	83
577	98
577	219
577	259
577	260
577	516
577	581
577	644
577	781
577	802
577	857
577	898
578	0
578	2
578	10
578	106
578	129
578	244
578	287
578	325
578	337
578	350
578	479
578	579
578	639
579	0
579	1
579	2
579	4
579	18
579	48
579	56
579	63
579	128
579	149
579	257
579	267
579	323
579	363
579	518
579	575
579	768
579	839
579	911
580	34
580	40
580	96
580	109
580	135
580	144
580	193
580	257
580	259
580	363
580	393
580	447
580	463
580	488
580	809
580	826
580	867
580	929
580	951
581	6
581	9
581	35
581	42
581	95
581	113
581	133
581	135
581	263
581	449
581	518
581	671
581	711
581	834
582	25
582	30
582	117
582	127
582	145
582	261
582	303
582	648
583	23
583	65
583	66
583	107
583	129
583	147
583	160
583	195
583	244
583	256
583	266
583	511
583	582
583	592
583	656
583	773
583	819
583	929
584	8
584	28
584	65
584	88
584	102
584	361
584	432
584	471
584	518
584	529
584	897
585	8
585	26
585	81
585	88
585	91
585	155
585	201
585	259
585	272
585	306
585	356
585	564
585	583
585	596
585	704
586	3
586	4
586	14
586	111
586	129
586	130
586	174
586	191
586	217
586	256
586	295
586	307
586	520
586	580
586	649
587	2
587	16
587	36
587	46
587	389
588	129
588	423
588	515
588	525
588	528
588	533
588	800
589	4
589	76
589	127
589	261
589	382
589	580
589	807
589	839
590	75
590	552
590	776
591	72
591	73
591	116
591	180
591	284
591	386
591	519
591	534
591	548
592	2
592	4
592	10
592	13
592	28
592	32
592	85
592	90
592	128
592	162
592	178
592	184
592	245
592	259
592	261
592	272
592	434
592	435
592	520
592	547
592	716
593	20
593	32
593	68
593	159
593	160
593	246
593	320
593	329
593	337
593	555
593	832
593	965
593	977
594	2
594	67
594	80
594	415
594	429
594	512
594	519
594	577
594	579
594	591
594	745
595	32
595	105
595	263
595	407
595	431
595	640
595	656
595	847
596	16
596	63
596	133
596	142
596	193
596	263
596	268
596	355
596	388
596	559
596	707
596	815
596	962
597	4
597	512
597	681
598	4
598	321
598	661
598	836
599	0
599	56
599	327
599	569
599	586
599	634
599	831
600	181
600	273
600	299
600	410
600	658
600	709
601	0
601	287
601	384
601	400
601	415
601	671
601	721
601	977
602	49
602	266
602	488
602	911
603	0
603	81
603	134
603	304
603	333
603	514
603	582
604	8
604	49
604	131
604	201
604	223
605	13
606	0
606	57
606	161
607	8
607	9
607	20
607	65
607	71
607	77
607	84
607	96
607	132
607	152
607	207
607	266
607	269
607	351
607	421
607	533
607	707
607	735
608	0
608	2
608	8
608	42
608	45
608	239
608	265
608	273
608	315
608	451
608	768
608	964
609	44
609	48
609	262
609	326
609	328
609	517
609	773
609	870
609	899
610	50
610	116
610	256
610	340
610	383
611	8
611	11
611	35
611	64
611	71
611	115
611	164
611	466
611	517
611	581
611	833
612	1
612	10
612	64
612	159
612	263
612	272
612	360
612	513
612	528
612	543
612	775
613	7
613	81
613	383
613	512
613	673
613	1013
614	9
615	0
615	52
615	127
615	170
615	256
615	585
615	780
616	2
616	5
616	767
616	965
617	85
617	176
617	384
617	669
617	673
618	32
618	71
618	82
618	396
619	47
619	104
619	207
619	520
619	603
619	769
619	907
620	353
620	383
620	457
620	517
620	899
621	2
621	46
621	159
621	418
621	657
622	519
622	657
623	194
623	255
623	257
623	439
623	591
624	133
624	468
624	580
624	674
625	25
625	67
625	583
625	719
626	137
626	161
626	343
626	640
626	802
627	25
627	146
627	448
627	537
627	722
627	773
627	912
629	143
629	739
630	42
630	135
631	520
631	908
632	7
632	192
633	41
633	48
633	205
633	350
633	543
635	44
635	519
636	39
636	192
638	172
638	512
638	674
638	720
639	1
639	4
639	8
639	16
639	33
639	41
639	66
639	69
639	74
639	95
639	104
639	160
639	173
639	192
639	200
639	201
639	209
639	223
639	343
639	369
639	386
639	498
639	511
639	512
639	513
639	517
639	616
639	658
639	730
639	752
639	969
640	18
640	29
640	32
640	41
640	48
640	53
640	71
640	79
640	96
640	127
640	128
640	151
640	271
640	275
640	351
640	425
640	511
640	516
640	537
640	538
640	544
640	558
640	575
640	579
640	661
640	687
640	777
640	847
641	1
641	3
641	8
641	12
641	34
641	40
641	85
641	106
641	156
641	170
641	194
641	250
641	257
641	272
641	385
641	388
641	545
641	577
641	642
641	650
641	665
641	813
641	823
641	895
641	907
642	2
642	10
642	56
642	92
642	96
642	140
642	143
642	255
642	263
642	313
642	639
642	760
643	23
643	24
643	30
643	33
643	34
643	95
643	97
643	127
643	159
643	193
643	255
643	259
643	260
643	453
643	551
643	598
643	767
643	772
643	908
644	1
644	9
644	12
644	66
644	98
644	161
644	183
644	297
644	431
644	621
644	633
644	711
644	905
645	0
645	20
645	104
645	109
645	127
645	343
645	511
645	521
646	252
646	257
646	559
646	578
646	634
646	741
646	842
646	867
647	2
647	7
647	8
647	32
647	35
647	69
647	93
647	103
647	131
647	136
647	143
647	163
647	314
647	326
647	426
647	553
647	719
647	761
647	767
647	774
647	892
647	911
647	965
648	1
648	35
648	38
648	63
648	187
648	263
648	296
648	458
648	551
648	644
649	0
649	68
649	111
649	141
649	291
649	299
649	340
649	554
649	792
649	848
650	139
650	212
650	256
650	524
650	791
650	918
651	5
651	32
651	138
651	176
651	257
651	269
651	304
651	308
651	449
651	578
651	591
651	729
651	735
651	834
651	910
652	28
652	203
652	319
652	385
653	520
653	547
653	835
653	1007
654	71
654	342
654	600
655	16
655	20
655	42
655	56
655	164
655	195
655	196
655	289
655	311
655	363
655	444
655	466
655	533
655	547
655	640
655	648
655	681
655	768
655	857
655	938
656	19
656	20
656	32
656	79
656	101
656	162
656	273
656	513
656	517
656	527
656	591
656	608
656	704
656	776
656	786
657	175
657	275
657	394
658	226
658	243
658	257
658	298
659	67
659	135
659	160
659	238
659	272
659	513
659	515
659	787
660	5
660	49
660	130
660	140
660	259
660	261
660	271
660	533
660	537
660	623
660	680
660	946
661	22
661	319
661	515
661	689
661	799
661	918
662	516
662	671
662	808
662	963
663	32
663	79
663	168
663	208
663	419
663	512
663	656
664	27
664	89
664	807
665	340
665	587
665	788
665	939
666	6
666	228
666	292
666	577
667	96
668	0
668	36
668	325
668	644
669	10
669	20
669	607
670	66
670	368
671	0
671	4
671	6
671	7
671	19
671	41
671	129
671	207
671	245
671	259
671	271
671	383
671	515
671	775
672	1
672	5
672	17
672	97
672	143
672	297
672	319
672	323
672	377
672	384
672	455
672	519
672	533
672	552
672	794
673	102
673	143
673	156
673	258
673	261
673	264
673	296
673	338
673	373
673	407
673	423
673	522
673	536
673	832
674	5
674	16
674	71
674	96
674	128
674	170
674	204
674	289
674	348
674	391
674	501
674	801
674	930
675	2
675	3
675	52
675	63
675	69
675	81
675	98
675	316
675	421
675	571
675	643
675	831
676	10
676	20
676	35
676	65
676	72
676	95
676	270
676	519
676	597
676	639
677	72
677	161
677	276
677	327
677	366
677	434
677	578
677	649
677	799
677	849
678	20
679	12
679	43
679	45
679	121
679	128
679	176
679	512
679	597
679	609
679	647
680	4
680	16
680	20
680	32
680	80
680	206
680	387
680	816
680	975
681	0
681	40
681	153
681	359
681	462
681	571
681	749
681	789
682	3
682	20
682	323
682	560
683	9
683	164
683	167
683	195
683	259
683	667
683	672
684	0
684	53
684	235
685	52
686	266
687	128
687	228
687	261
687	448
687	511
687	673
687	770
688	13
688	128
688	131
688	141
688	147
688	292
688	323
688	516
688	610
688	680
688	770
689	68
689	132
689	384
689	452
689	539
690	113
690	386
690	687
691	4
691	40
691	56
691	448
691	597
692	18
692	532
692	993
693	65
693	263
694	68
695	512
695	518
696	1
696	12
696	64
696	147
696	351
696	831
697	12
697	135
698	269
699	384
699	387
699	427
700	291
700	425
700	459
701	51
701	407
702	3
703	0
703	2
703	32
703	71
703	160
703	162
703	171
703	247
703	385
703	511
703	528
703	593
703	714
703	797
704	17
704	20
704	29
704	63
704	161
704	175
704	198
704	256
704	288
704	344
704	524
704	540
704	545
704	625
704	661
704	737
705	22
705	36
705	168
705	246
705	600
705	643
705	704
705	809
705	901
706	49
706	66
706	119
706	195
706	234
706	291
706	458
706	592
706	742
706	845
706	948
707	34
707	71
707	103
707	128
707	297
707	417
707	453
707	847
707	868
708	46
708	72
708	199
708	255
708	258
708	267
708	361
708	511
709	9
709	89
709	639
710	521
710	967
711	40
711	42
711	96
711	113
711	208
711	271
711	288
711	400
711	519
711	575
711	585
711	632
711	731
711	796
711	847
712	25
712	88
712	232
712	255
712	319
712	390
712	544
713	97
713	193
713	575
713	687
713	784
714	32
714	214
714	302
714	320
714	515
715	4
715	113
715	148
715	338
716	184
717	3
717	10
717	180
717	257
718	8
718	68
718	191
719	10
719	163
719	400
719	515
719	671
719	914
720	8
720	25
720	133
720	136
720	137
720	723
720	803
721	28
721	44
721	64
721	331
721	671
721	944
722	9
722	16
722	78
722	563
722	858
722	896
723	42
723	268
723	641
724	147
724	274
724	460
724	547
724	579
725	1
725	10
725	76
725	831
726	310
726	527
726	665
726	776
726	996
727	35
727	38
727	546
727	1001
728	153
728	374
728	527
728	530
729	8
729	16
729	822
730	3
730	418
730	600
730	770
731	132
732	37
732	663
733	16
733	456
734	356
735	63
735	156
735	687
735	819
736	7
736	359
736	387
736	538
736	552
736	576
736	992
737	0
737	56
737	69
737	84
737	97
737	384
737	455
737	518
737	803
738	0
738	129
738	147
738	193
738	265
738	288
738	324
738	328
738	536
738	803
739	85
739	256
740	263
740	293
740	422
741	368
743	0
743	64
743	383
743	721
743	820
744	34
744	107
744	135
744	284
744	547
744	592
745	405
746	147
746	289
747	0
748	200
748	306
748	591
749	449
751	40
751	929
752	844
753	140
753	453
753	643
755	0
755	169
756	70
757	271
757	535
758	84
758	496
759	0
759	138
759	644
760	28
760	393
761	0
761	327
762	2
763	552
763	575
765	35
765	277
767	0
767	4
767	10
767	25
767	40
767	56
767	64
767	66
767	67
767	68
767	75
767	95
767	96
767	97
767	128
767	131
767	144
767	146
767	148
767	153
767	159
767	161
767	258
767	259
767	266
767	312
767	328
767	335
767	384
767	391
767	392
767	451
767	479
767	512
767	513
767	524
767	548
767	552
767	559
767	577
767	599
767	711
767	835
767	875
768	8
768	24
768	32
768	35
768	52
768	64
768	67
768	91
768	96
768	103
768	128
768	134
768	139
768	143
768	191
768	211
768	260
768	281
768	326
768	327
768	331
768	399
768	419
768	422
768	450
768	591
768	658
768	769
768	965
769	4
769	29
769	37
769	46
769	52
769	57
769	64
769	82
769	127
769	129
769	144
769	256
769	447
769	599
769	676
769	690
769	795
769	864
770	0
770	1
770	8
770	17
770	20
770	99
770	191
770	281
770	519
770	522
770	583
770	639
770	756
771	40
771	42
771	83
771	107
771	131
771	199
771	360
771	398
771	515
771	554
771	574
771	586
771	609
771	623
771	664
771	674
771	690
771	860
772	0
772	16
772	36
772	41
772	95
772	176
772	242
772	356
772	383
772	511
772	544
772	575
772	641
772	751
772	903
773	22
773	72
773	93
773	95
773	269
773	319
773	341
773	391
773	511
773	515
773	764
773	847
774	0
774	34
774	60
774	85
774	95
774	191
774	204
774	268
774	270
774	279
774	289
774	291
774	653
774	805
774	935
775	34
775	71
775	144
775	188
775	225
775	263
775	265
775	293
775	352
775	560
775	564
775	691
775	714
775	718
776	0
776	1
776	12
776	16
776	32
776	113
776	197
776	256
776	263
776	415
776	424
776	432
776	468
776	469
776	472
776	512
776	545
776	648
776	777
777	3
777	4
777	81
777	127
777	276
777	557
777	642
778	0
778	239
778	259
778	263
778	608
778	812
779	5
779	12
779	23
779	48
779	159
779	357
779	512
779	543
779	639
779	789
779	816
779	967
780	17
780	42
780	64
780	447
780	463
780	607
780	694
780	772
781	151
781	602
781	949
782	312
782	662
783	1
783	268
783	325
783	516
783	551
783	575
783	645
783	699
783	704
783	707
783	768
783	769
783	798
784	0
784	1
784	4
784	16
784	18
784	32
784	33
784	49
784	72
784	240
784	259
784	395
784	497
784	551
784	640
784	776
784	901
784	935
785	3
785	258
785	512
785	868
786	0
786	8
786	24
786	169
786	515
786	520
787	5
787	89
787	450
787	516
787	532
787	547
787	774
787	792
787	897
787	911
788	0
788	36
788	64
788	128
788	140
788	144
788	192
788	551
788	839
789	160
789	527
789	537
789	644
789	961
790	0
790	8
790	181
790	396
790	777
790	820
791	10
791	11
791	37
791	133
791	144
791	295
791	377
791	408
791	515
791	642
791	835
792	255
792	287
792	384
792	767
793	18
793	41
793	95
793	111
793	261
793	387
793	928
794	318
794	544
794	609
794	730
795	6
795	13
795	33
795	48
795	323
795	386
795	643
796	131
796	168
796	261
796	605
797	81
797	267
797	900
798	138
799	0
799	64
799	71
799	139
799	167
799	208
799	222
799	228
799	231
799	387
799	522
799	604
799	622
799	725
799	761
799	834
800	13
800	32
800	34
800	61
800	121
800	176
800	255
800	358
800	731
800	847
801	0
801	2
801	10
801	16
801	30
801	157
801	271
801	519
802	0
802	5
802	64
802	417
802	513
802	555
802	577
802	610
802	640
802	697
803	51
803	96
803	105
803	136
803	169
803	239
803	259
803	266
803	596
803	639
803	775
803	915
804	9
804	70
804	127
804	211
804	261
804	335
804	384
804	419
804	540
804	948
805	80
805	272
805	340
805	769
806	16
806	71
806	77
807	0
807	270
807	351
808	51
808	279
808	320
808	347
808	575
808	609
808	612
808	963
809	143
809	195
809	217
809	299
809	399
809	480
809	552
809	778
810	44
810	208
811	76
811	87
811	251
811	256
811	283
811	287
811	333
811	831
812	133
812	260
812	376
812	565
813	264
814	16
814	33
814	127
815	153
815	209
815	327
815	408
815	802
815	816
816	26
816	68
816	69
816	176
816	513
816	555
816	959
817	241
818	8
818	217
819	10
819	159
819	184
819	326
819	564
819	851
820	37
820	135
820	181
820	263
820	562
821	68
822	623
823	37
823	161
823	176
823	896
824	19
824	67
824	267
825	12
825	785
826	22
826	35
826	83
826	272
827	527
827	545
828	516
828	815
831	1
831	28
831	35
831	41
831	48
831	68
831	191
831	192
831	210
831	264
831	275
831	330
831	359
831	426
831	459
831	570
831	592
831	640
831	708
831	833
831	959
832	1
832	49
832	81
832	175
832	264
832	272
832	319
832	332
832	512
832	521
832	528
832	787
833	6
833	9
833	10
833	14
833	17
833	34
833	36
833	44
833	129
833	174
833	207
833	383
833	395
833	538
833	751
833	768
833	784
833	835
833	850
834	56
834	163
834	261
834	355
834	577
834	800
835	8
835	65
835	153
835	173
835	268
835	517
835	523
835	551
835	800
835	943
836	2
836	65
836	67
836	97
836	105
836	128
836	255
836	323
836	460
836	611
837	16
837	512
837	552
838	130
838	300
838	527
838	865
839	1
839	6
839	12
839	18
839	66
839	171
839	292
839	491
839	789
840	87
840	396
840	533
840	611
840	694
841	16
841	66
841	266
842	63
842	552
842	772
842	896
843	371
843	575
843	729
844	48
844	109
844	260
844	543
845	191
845	304
845	640
846	703
847	5
847	33
847	65
847	160
847	183
847	333
847	346
847	959
848	9
848	181
848	440
848	578
849	152
849	848
850	19
850	194
850	201
851	50
851	135
851	273
851	458
851	815
853	184
853	449
853	511
853	624
853	645
853	863
854	287
854	306
854	961
855	28
855	50
855	142
855	297
855	312
855	519
855	643
856	65
857	1
857	27
857	170
857	374
857	416
857	585
857	895
858	127
859	65
859	255
860	15
860	411
860	459
860	808
863	3
863	8
863	9
863	35
863	121
863	160
863	231
863	263
863	313
863	511
863	649
863	914
864	66
864	69
864	91
864	218
864	609
864	617
864	688
864	794
865	539
865	562
865	626
865	727
866	429
866	550
866	560
866	584
866	959
867	85
867	146
867	227
867	387
867	665
867	706
867	1013
868	65
868	132
868	422
868	511
869	160
869	287
870	160
870	228
870	372
871	503
871	728
872	16
872	19
872	97
872	175
872	560
873	0
873	389
875	287
875	320
875	353
875	931
876	53
879	23
879	134
879	340
879	385
879	520
880	73
880	95
880	102
880	256
880	642
881	2
881	679
882	99
882	597
883	204
883	208
885	32
885	42
885	664
887	18
887	655
888	787
889	849
890	23
890	807
891	55
891	272
892	23
894	575
895	0
895	9
895	15
895	41
895	182
895	223
895	257
895	312
895	320
895	337
895	423
895	671
895	681
895	782
895	802
895	1015
896	0
896	43
896	49
896	73
896	84
896	204
896	235
896	258
896	260
896	265
896	302
896	610
896	649
896	687
897	4
897	18
897	42
897	82
897	101
897	127
897	215
897	519
897	562
897	575
897	626
897	655
897	706
897	768
897	769
897	831
898	6
898	38
898	169
898	536
898	655
898	783
899	0
899	3
899	71
899	141
899	152
899	165
899	255
899	388
899	524
899	583
900	24
900	416
900	524
900	525
900	538
900	683
900	783
900	803
901	136
901	383
901	512
901	581
901	841
902	87
902	297
902	393
902	611
902	627
902	735
903	97
903	136
903	215
903	274
903	611
904	141
904	144
904	195
904	386
904	388
904	408
904	544
904	552
904	631
904	770
904	978
905	0
905	73
905	166
905	687
905	719
905	768
905	852
906	5
906	946
906	951
907	74
907	116
907	132
907	159
907	261
907	284
907	354
907	476
907	499
907	660
908	0
908	74
908	355
909	64
910	80
910	95
911	0
911	31
911	256
911	287
911	352
911	512
911	514
912	6
912	8
912	10
912	358
912	383
912	530
912	588
912	921
913	17
913	42
913	164
913	273
913	647
914	17
914	48
914	49
914	51
914	135
914	345
914	401
915	40
915	71
915	191
915	225
915	316
915	383
915	393
915	561
915	653
915	919
916	71
916	132
916	464
917	459
919	12
919	28
919	872
920	0
920	266
920	548
920	914
922	142
924	64
924	767
925	135
926	0
926	1
926	520
927	16
927	21
927	27
927	276
927	511
927	721
927	769
928	128
928	132
928	167
928	191
928	207
928	212
928	328
928	383
928	517
928	747
929	63
929	141
929	489
930	511
930	866
931	98
931	639
932	127
932	163
932	784
934	11
934	28
935	9
935	25
935	32
935	62
935	255
935	256
935	474
935	514
935	755
936	17
936	530
937	0
937	545
938	267
938	341
941	6
941	16
941	95
943	103
943	329
943	364
944	576
945	11
945	133
945	527
947	83
947	104
947	258
948	617
948	1009
951	20
951	83
951	278
951	287
952	67
952	517
955	255
955	322
955	927
958	45
958	203
959	22
959	71
959	257
959	341
959	416
959	516
959	560
959	566
959	599
959	640
959	865
960	487
960	545
961	4
961	34
961	91
961	128
961	351
961	384
961	583
962	156
962	449
962	512
963	0
963	63
963	96
963	209
963	256
963	276
963	621
964	288
964	616
965	716
966	12
966	63
967	366
967	904
968	0
968	128
968	129
968	399
969	42
969	583
969	905
970	197
970	564
971	722
972	177
972	229
973	42
973	446
973	879
975	34
975	75
975	267
975	336
975	659
975	671
976	65
976	309
977	66
977	136
977	299
978	828
979	205
980	351
981	210
981	256
981	556
982	258
983	0
983	771
984	44
984	424
985	72
985	530
986	38
987	4
987	843
988	307
991	130
991	158
992	1
992	55
992	150
992	288
992	447
992	454
992	675
992	777
993	140
994	340
994	515
994	839
996	50
996	355
996	576
996	916
996	984
997	3
997	507
997	768
998	46
998	714
998	831
999	260
999	1016
1000	148
1000	248
1000	429
1001	72
1002	533
1002	643
1003	63
1004	805
1005	1
1007	32
1007	48
1009	16
1009	707
1010	14
1011	42
1011	201
1012	119
1012	642
1014	160
1015	232
1016	512
1017	75
1017	544
1018	977
1020	619
1022	4
