8192 6710
0	2
0	65
0	81
0	100
0	135
0	166
0	295
0	400
0	406
0	437
0	526
0	1161
0	1184
0	1461
0	1473
0	1650
0	1664
0	1796
0	2050
0	2051
0	2059
0	2065
0	2095
0	2125
0	2196
0	2378
0	2740
0	3200
0	3264
0	3618
0	4552
0	4648
0	4705
0	4747
0	4753
0	5856
0	6194
0	6404
0	6802
0	7768
1	172
1	244
1	260
1	732
1	1049
1	1152
1	1173
1	1224
1	1744
1	3203
1	3220
1	4097
1	4226
1	4290
1	4384
1	5670
1	7458
2	21
2	33
2	49
2	416
2	1056
2	1074
2	1168
2	2084
2	3160
2	4373
2	4378
2	5531
2	6147
2	6224
2	6537
2	6668
3	73
3	264
3	528
3	1292
3	1540
3	1733
3	3112
3	5232
3	5388
3	7304
4	5
4	16
4	85
4	170
4	257
4	874
4	1056
4	1254
4	1410
4	1602
4	1684
4	2164
4	2386
4	2625
4	2659
4	3540
4	3651
4	4210
4	4339
4	4356
4	4776
4	5200
4	5633
4	5920
4	6440
4	7810
4	8002
5	8
5	20
5	304
5	795
5	1038
5	2080
5	3204
5	3290
5	4232
5	4388
5	5194
5	5648
5	6262
5	6400
5	6672
6	516
6	1099
6	1296
6	3264
6	3608
6	4352
6	5175
6	6468
6	6939
7	468
7	690
7	1444
7	2048
7	3168
7	4353
8	33
8	774
8	805
8	1352
8	1468
8	2052
8	2081
8	2593
8	3296
8	4677
8	4679
8	4881
8	5729
8	6146
8	6754
8	7381
8	7480
9	397
9	619
9	644
9	2305
9	4210
9	4716
10	444
10	1332
10	1409
10	1424
10	1696
10	2308
10	2915
10	4728
10	4894
10	5120
11	5664
12	166
12	404
12	519
12	1040
12	1287
12	1296
12	1813
12	4168
12	4240
12	7873
13	57
13	528
13	2607
14	516
14	704
14	1409
14	4174
14	4248
15	6400
15	7180
16	80
16	202
16	272
16	416
16	1358
16	1602
16	1732
16	2061
16	2066
16	2560
16	2585
16	2945
16	3318
16	4544
16	5377
16	6364
17	16
17	209
17	1037
17	1706
17	2471
17	2823
17	3352
17	4161
17	5340
17	6258
18	194
18	514
18	710
18	898
18	1748
18	4128
18	4170
18	5390
18	6918
19	186
19	2112
19	4114
19	5604
20	128
20	354
20	561
20	657
20	1869
20	2321
20	3072
20	3136
20	3291
20	3330
20	4168
20	6041
21	288
21	1672
21	2112
21	2360
21	5225
22	1142
22	2240
22	5689
22	5706
22	7813
23	128
24	161
24	333
24	792
24	1425
24	1572
24	2081
24	2098
24	2440
24	3096
24	3666
24	4098
24	6180
25	135
25	524
25	528
25	1760
25	2784
25	3169
25	6681
26	128
26	268
26	394
26	994
26	2090
26	6660
27	2094
28	254
28	2048
28	5149
29	1056
29	3859
30	868
30	3184
30	4164
30	6424
31	4321
31	4423
32	136
32	512
32	579
32	601
32	612
32	1451
32	2049
32	2058
32	2065
32	2162
32	3109
32	3201
32	3600
32	3722
32	4117
32	4650
32	5132
32	5552
32	7311
32	7448
33	656
33	2408
33	3592
33	5616
33	5706
34	596
34	2083
34	2129
34	2280
34	2659
34	3292
34	4358
34	6160
34	6240
34	7864
35	3152
35	4134
36	264
36	328
36	1634
36	1822
36	2260
36	2400
36	3457
36	4193
36	4381
36	4392
36	5862
37	17
37	27
37	67
37	1089
37	2079
37	4100
38	562
38	1037
38	3696
38	4130
38	5632
38	6020
39	1276
39	2213
39	3616
39	4621
39	7453
40	8
40	10
40	64
40	71
40	257
40	512
40	736
40	1044
40	1080
40	4096
40	4112
40	4611
40	4672
40	6280
41	32
41	128
41	550
41	1488
41	6211
41	7176
42	163
42	1834
43	33
43	263
43	4486
43	4500
43	7301
44	32
44	264
44	1103
44	4154
45	507
46	2850
46	4146
46	5321
46	6802
48	0
48	512
48	3403
49	32
49	1362
49	1706
49	2880
49	4417
50	1156
50	2133
51	1056
51	2386
51	3738
52	17
52	1165
52	4192
52	4193
53	257
53	513
53	4352
55	112
55	4111
56	160
56	245
56	415
56	545
56	1255
56	1990
57	1564
57	2448
58	1050
58	1378
58	4946
59	2467
60	144
60	264
60	336
60	1800
60	3678
61	1217
61	5121
62	5383
64	25
64	273
64	324
64	640
64	1418
64	1538
64	1940
64	2067
64	2581
64	4264
64	4424
64	4939
64	5066
64	5318
64	6241
64	6318
65	387
65	945
65	1024
65	1560
65	3728
65	6812
65	7316
66	69
66	793
66	1888
66	2901
66	4736
67	966
67	6948
68	18
68	136
68	4131
68	4508
68	6153
69	274
69	390
69	1617
69	1795
69	2597
69	3792
69	4125
69	4132
69	4632
69	4981
70	65
70	129
70	2625
70	3096
70	3250
70	4096
71	32
71	5202
72	48
72	69
72	347
72	2084
72	2505
72	3456
72	4388
72	4608
72	4688
72	7082
73	9
73	63
73	259
73	4619
74	576
74	1052
74	4232
74	4277
74	6682
75	4163
76	3605
76	4108
76	5144
76	6154
76	6293
77	3218
77	4121
77	5498
78	2321
78	2580
78	3672
79	60
79	1381
80	1043
80	1049
80	1264
80	2370
80	4402
80	5120
80	5179
80	5700
81	6
81	675
81	1074
81	2124
82	5389
82	6695
83	2129
84	528
84	1160
84	1569
84	1573
85	65
85	3340
85	6275
86	6729
87	2273
88	992
88	1056
88	1321
88	4356
88	4608
89	2410
89	3721
89	7833
90	395
90	4120
91	5218
92	212
92	512
92	2848
92	6178
92	6661
96	3
96	1042
96	1605
96	4112
96	4249
96	7283
97	2017
97	2146
97	2432
98	853
99	1126
99	4182
100	7
100	80
100	1732
100	3269
100	6144
103	4
103	4612
104	1218
104	1888
104	2049
104	2057
104	2179
105	5914
106	8
106	552
106	4264
106	6216
107	215
108	928
111	2152
112	192
112	233
112	360
112	3206
112	4153
112	5582
113	516
113	1077
113	4236
113	7431
114	5462
114	6720
115	2113
116	772
117	2588
117	7652
120	516
120	526
120	1040
120	2153
121	2373
122	5254
124	172
124	2060
126	194
126	4112
128	0
128	5
128	13
128	100
128	156
128	1281
128	1315
128	1536
128	2314
128	2945
128	3339
128	3384
128	3664
128	3793
128	4102
128	4641
128	4661
128	4694
128	4704
128	4842
128	5130
128	5196
128	5644
129	74
129	256
129	561
129	2403
129	3373
129	4138
129	4159
129	4471
129	4924
130	1
130	516
130	580
130	1088
130	1281
130	1408
130	2586
130	4164
130	5248
130	7205
130	8009
131	416
131	1134
131	1286
131	2244
131	5319
131	6405
132	263
132	355
132	601
132	1280
132	2182
132	2620
132	3186
132	3604
132	4272
132	4499
132	5154
133	768
133	5633
134	589
134	1579
134	1626
134	4736
135	4228
136	290
136	739
136	790
136	1252
136	1831
136	2064
136	3075
136	4673
136	5183
136	5968
137	70
137	210
137	1025
137	1050
137	2312
137	2368
137	2568
137	4111
137	5360
137	6932
138	199
138	4114
138	7555
139	3219
140	513
140	616
140	1102
140	2056
141	197
141	6853
142	21
142	70
142	1378
143	1548
144	22
144	1062
144	2128
144	2784
144	6069
144	6706
145	482
145	4165
145	8099
146	1064
146	2178
146	2701
146	4480
146	5332
146	6336
147	38
147	129
147	4224
147	5127
147	7112
148	24
148	964
148	1072
148	6027
150	20
150	24
150	1296
150	2217
151	2208
151	6112
152	2094
152	2667
152	4136
152	6144
153	70
154	4913
156	808
156	6175
157	2826
158	2258
160	656
160	3122
160	6304
161	777
161	5701
162	4708
164	154
164	534
164	4102
165	750
165	1609
165	4508
165	5387
165	5712
166	657
166	6508
166	7452
168	4306
168	4360
168	6656
168	7984
169	1096
169	5120
169	6720
170	6920
171	1009
171	1284
171	5136
172	1176
172	2469
173	80
173	4097
174	36
174	264
174	528
175	1128
175	3378
176	1335
176	4548
176	4963
178	1602
178	4118
178	4242
179	274
179	1060
180	90
180	292
180	1427
180	5271
180	5774
181	4108
182	6713
184	513
184	1122
187	2659
189	6146
190	2817
191	460
192	516
192	1350
192	2563
192	3216
192	4128
192	4161
192	5778
192	6145
193	1408
193	4249
193	4250
193	4676
193	8084
194	16
194	300
194	577
194	1249
194	2054
194	2433
194	3088
194	5393
194	5449
194	6089
195	2601
195	2834
195	4496
195	6408
196	194
196	306
196	4258
196	6669
197	4144
198	726
199	1077
200	56
200	196
200	2052
200	4426
200	4872
200	7429
202	1
202	1036
202	4992
205	325
205	6264
206	771
208	50
208	1112
208	1192
208	1280
208	4110
208	4162
208	4676
209	1552
209	4425
209	4954
210	88
210	5651
211	2093
212	2818
212	3072
212	4417
213	172
213	4353
215	5126
217	21
217	189
217	816
220	144
220	392
220	1667
220	5319
221	130
222	28
223	4661
224	115
224	288
224	533
225	71
225	1168
225	4152
226	50
226	876
226	1840
226	4097
228	1033
228	4456
228	5556
229	2163
229	3341
229	5145
232	901
233	4193
234	2890
235	7264
236	5130
240	20
240	1426
240	5483
242	1186
243	5944
245	4711
246	2672
246	4264
248	1024
250	3983
255	262
256	17
256	85
256	99
256	177
256	554
256	852
256	1130
256	1352
256	2080
256	2164
256	2305
256	2444
256	3072
256	5333
256	5443
256	5570
256	5752
256	6249
256	6309
256	7198
257	10
257	129
257	768
257	1042
257	1261
257	2451
257	3109
257	4192
257	4609
257	6425
257	6725
258	788
258	1040
258	1298
258	1324
258	1818
258	2417
258	2568
258	3972
258	4352
258	4368
258	4613
258	5656
258	6281
258	6563
258	7184
258	7953
259	2
259	132
259	1793
259	2265
259	4102
259	4396
260	16
260	64
260	128
260	250
260	380
260	1058
260	1074
260	1222
260	2112
260	7152
261	424
261	2176
261	3102
261	4362
261	6209
261	6357
262	6106
262	6158
263	1300
263	1946
263	3075
263	4749
264	9
264	66
264	105
264	120
264	140
264	528
264	845
264	1668
264	2371
264	3629
264	4568
265	1632
266	140
266	180
266	1058
266	1544
266	2146
266	4366
267	7074
268	15
268	68
268	192
268	2282
268	3074
269	4241
269	4984
270	75
270	3637
270	5052
271	754
271	2352
271	5396
272	80
272	1293
272	2125
272	4646
273	88
273	376
273	869
273	960
273	2070
273	3201
273	5524
274	1288
274	1544
274	4353
275	2470
275	2506
275	5890
276	693
276	774
276	1028
276	2597
276	3933
276	6700
277	327
277	2181
277	2944
278	194
278	384
279	1541
280	915
280	1046
280	2056
280	3074
280	4229
280	6656
281	384
281	1108
281	4684
282	4245
282	4304
282	5098
283	97
283	6292
284	352
284	1884
285	132
288	136
288	616
288	1348
288	2403
288	4182
288	4403
288	5252
289	1035
289	1106
289	2060
289	2216
289	2566
289	2574
289	2949
289	7813
290	6
290	4194
290	4354
290	4505
290	4661
290	6226
290	6230
292	321
292	2067
292	3464
292	5679
293	532
293	962
293	1793
293	2340
293	3141
294	1093
296	264
296	1024
296	2121
296	2128
297	579
298	2305
298	3609
299	556
299	6661
300	70
300	240
300	1173
300	2336
301	48
302	625
303	144
303	4096
303	6968
304	2158
304	3099
304	3208
304	3210
304	3296
305	5253
305	7553
306	6360
306	7384
307	296
307	2710
307	3207
308	548
308	1544
308	4455
310	852
310	6798
312	3014
312	3532
313	6356
316	7782
318	1807
318	4681
320	131
320	280
320	290
320	1027
320	1552
320	2337
320	2973
320	4363
320	6921
321	199
321	292
321	533
321	2133
321	2320
321	6656
322	73
322	136
322	4101
322	4803
322	5120
323	7706
324	8
325	2183
325	4610
326	704
326	1536
326	6160
328	4656
328	5315
328	6788
329	7587
330	4593
331	5133
332	1024
333	1344
333	1537
333	2060
334	512
336	1085
336	4176
337	6923
339	930
339	2496
339	2989
340	4129
341	82
343	418
344	12
344	257
347	1746
348	1141
351	166
352	384
352	706
352	2472
352	2592
352	5316
352	7374
353	4200
353	4330
353	7265
354	16
354	3188
355	718
356	4494
360	2138
360	2672
366	1160
368	138
368	2312
368	4249
368	5707
369	5248
370	608
370	1028
370	1473
370	6814
371	1322
377	388
377	4168
378	4120
380	2889
380	6185
382	146
384	1
384	528
384	2160
384	4356
384	4650
384	4689
384	7313
384	7428
385	34
385	4100
386	75
386	1184
386	4230
387	227
387	283
387	2098
387	2206
387	2229
387	2304
387	4289
387	6628
387	6769
388	50
388	4137
388	4268
388	5162
389	3089
389	5888
390	706
390	2088
392	150
392	418
392	1696
392	5153
393	544
393	2181
394	200
394	5376
394	5381
395	5184
396	256
396	1072
396	2818
397	520
397	1024
397	1445
398	3140
400	2114
400	4225
400	4372
400	7852
401	418
401	4400
402	80
403	129
404	2117
405	194
405	1026
405	1656
405	2095
405	2212
406	60
408	266
408	1281
408	1592
408	2562
408	6661
408	7618
409	1953
409	3380
409	4170
410	4178
410	4545
410	5238
410	6147
410	6684
411	1372
411	4100
414	44
416	353
416	1161
416	1872
416	2575
416	4163
417	16
418	16
418	1336
418	6504
419	1293
419	5222
420	6064
422	3080
424	272
424	5824
425	1480
425	6912
426	4388
428	85
429	296
430	2144
431	6920
432	2960
435	6928
436	132
436	1996
437	2387
438	85
438	644
442	520
443	2305
444	1711
444	4130
448	2882
448	4366
449	2280
449	4259
449	5218
450	657
450	2500
450	7044
450	7908
452	795
452	4757
452	6402
454	1030
456	400
456	2259
456	4368
456	7708
458	112
461	5004
461	6280
462	1024
462	2339
463	2236
464	665
465	65
466	2748
467	324
468	7170
469	5408
475	57
477	5046
480	2820
481	3640
481	5493
483	2596
484	1025
484	1121
484	1521
484	6195
485	898
487	135
487	912
489	4425
490	320
492	67
492	167
494	2336
494	6674
502	144
505	25
510	4493
512	6
512	13
512	66
512	151
512	200
512	217
512	577
512	1280
512	1664
512	3075
512	3202
512	4408
512	4876
512	5127
512	5256
512	6688
513	67
513	128
513	594
513	662
513	726
513	771
513	2102
513	2219
513	6414
513	6832
514	1037
514	1047
514	2304
514	3188
514	3829
514	4176
514	6176
515	1147
515	1294
515	2308
515	2580
516	359
516	2066
516	3471
516	4256
516	4512
516	4865
516	4996
516	6217
516	6898
517	50
517	4368
518	128
518	744
518	1578
518	2050
518	3074
518	4104
518	7492
519	1027
519	1620
520	2
520	116
520	155
520	711
520	2176
520	3040
520	3427
520	4417
520	4484
520	4613
520	6293
521	2069
521	6476
522	1556
522	1676
522	2106
522	3187
522	4104
524	47
524	136
524	257
524	836
524	1549
524	2052
524	2448
524	5376
524	7238
525	368
525	691
526	16
526	335
526	4772
527	1046
528	35
528	586
528	1424
528	1579
528	3336
528	3638
528	6176
528	6491
529	712
529	3729
529	5321
529	6167
530	308
530	3979
530	4134
530	4588
530	4657
530	4930
530	6544
531	768
531	2978
532	24
532	421
532	1158
532	4870
533	49
533	768
533	4624
534	1408
534	3332
534	4690
534	5384
536	304
536	562
536	1928
536	3282
536	5163
536	5720
537	4460
537	5152
538	150
538	1056
539	327
540	560
540	3082
540	3948
540	4129
541	49
542	6159
543	3488
544	133
544	1089
544	2057
544	2114
544	4410
545	1049
545	1195
545	2072
545	6519
546	608
546	2126
546	2708
546	2820
546	7473
547	24
547	154
547	412
548	3266
548	4175
548	5315
549	56
551	11
552	150
552	3115
552	5185
553	540
553	1035
553	5140
553	6157
554	596
554	2970
556	2178
556	2978
556	5996
556	6256
557	3010
557	6148
560	125
560	273
560	586
560	688
560	1291
560	3300
560	4168
560	4238
561	368
561	513
561	4145
562	2092
564	14
564	5250
565	1295
567	140
568	692
568	899
568	2176
568	5250
568	6403
569	64
569	5250
569	6960
572	2575
572	7922
574	1051
574	2177
576	68
576	480
576	1124
576	4129
576	7313
576	7548
577	1286
577	1878
577	4243
577	4378
577	6147
578	1282
578	2114
578	2497
579	32
579	928
579	1029
579	4380
580	406
580	3204
580	3754
580	4214
580	6784
581	1124
581	2343
581	4100
581	4361
582	89
582	4228
582	4966
582	5636
583	2650
583	5707
584	768
584	2828
584	4952
584	5368
584	7072
585	1665
587	3138
588	744
588	1024
588	2080
591	135
592	3008
592	4869
592	7808
593	4112
594	226
594	1168
594	3590
594	4576
595	6780
596	232
596	1012
598	526
599	901
600	3506
600	4648
603	416
604	2628
604	3536
606	4384
608	2
608	290
608	3520
608	6225
609	1042
609	1376
610	80
610	4673
611	1092
611	5123
612	792
612	2155
612	4164
612	5155
614	4448
616	2
616	55
616	1333
616	1612
617	201
617	1258
617	2700
619	300
620	540
622	1025
623	4765
625	40
625	3137
625	4306
626	2244
628	1290
628	2308
628	4322
634	2214
635	1428
636	3622
640	26
640	1688
640	1793
640	2177
640	2296
640	6660
641	257
642	0
642	202
642	644
642	2825
642	4224
642	4420
642	4864
642	5140
642	5222
643	890
643	2390
643	6672
644	2052
644	3170
644	3328
644	4868
644	6353
645	4176
646	0
646	354
646	1154
647	401
648	1550
648	1600
648	4128
649	1378
650	6528
652	2568
652	4719
652	5333
653	1425
653	7180
654	4104
656	768
656	1109
656	4904
657	545
657	628
658	132
660	16
660	202
660	678
660	4418
663	1
664	2212
664	4113
664	5280
664	5381
664	5760
668	38
669	384
670	512
672	1587
672	1666
672	2098
672	2560
672	6936
673	487
674	2048
674	4096
674	6592
674	7337
675	4099
675	5074
676	2471
676	6758
677	852
678	640
679	6681
680	1036
681	4832
683	544
685	4163
688	706
688	1162
688	4160
689	782
690	41
690	4116
692	4294
693	4766
696	256
700	721
704	158
704	394
704	903
704	2844
704	6978
705	2689
706	4389
708	107
708	768
708	780
708	1168
708	1908
708	2157
709	33
709	7888
712	4119
712	4278
714	92
717	6410
720	128
720	1120
720	2048
720	7936
721	3925
721	6720
722	4724
723	159
723	1572
723	4738
725	60
725	5122
727	840
736	321
736	768
737	416
738	122
740	4155
740	4676
740	4943
742	2814
742	6360
743	7206
744	534
744	3274
745	2088
748	1034
752	2176
752	4609
753	1877
754	3360
761	715
761	1024
768	1
768	594
768	1152
768	1664
768	2308
768	3475
768	4826
768	7380
769	4746
770	4134
770	7560
771	128
772	66
772	158
772	351
772	424
772	1218
772	4600
772	4945
772	6300
773	1955
773	6190
774	408
775	4203
776	1
776	309
776	4788
777	1106
777	1296
777	1601
777	3912
778	5129
779	1281
779	3108
780	901
780	1601
780	4624
782	1216
784	5169
785	5236
786	3085
786	4488
787	769
788	2373
788	5169
789	2651
792	1590
792	2146
792	2257
794	576
794	960
794	4149
800	1
800	612
800	708
800	3648
800	4287
800	6574
801	2756
801	4505
801	6853
802	338
802	448
802	1031
802	3744
802	5266
803	72
803	3713
804	104
804	4248
805	1890
806	158
806	7952
807	1128
808	4
808	47
808	634
808	769
808	1168
808	6872
809	1280
812	128
812	776
812	4291
818	434
822	4769
824	1622
824	4163
825	5230
828	5682
830	42
832	388
833	4482
834	256
834	3843
835	3
835	384
837	6725
838	592
840	5682
840	6280
841	5945
842	384
843	4240
844	1080
845	2352
848	233
848	2498
848	4389
850	3505
853	339
854	944
854	4737
856	3684
857	936
862	1187
864	137
864	196
865	4620
866	5318
870	1204
872	260
872	320
872	5857
877	3233
880	2566
884	74
885	922
885	5131
886	193
886	390
892	2
892	13
896	4299
896	6202
897	201
897	1552
898	53
898	66
898	1311
898	2070
898	4675
898	5812
898	7241
899	295
900	1090
900	7297
901	4692
901	5220
904	65
904	72
908	1644
910	151
910	3881
912	4168
912	5385
913	7429
915	4928
916	7316
918	6276
919	1685
920	613
920	994
920	1065
920	4384
922	7184
925	136
928	3330
929	99
929	133
929	1637
929	2657
929	4224
929	7236
930	34
931	65
932	0
932	1424
932	4448
935	660
936	5576
938	4648
944	3347
948	5167
951	2560
960	516
963	1043
964	4368
964	4485
965	197
968	321
969	676
970	6
976	7192
977	1605
978	3137
978	3298
979	4564
980	1025
981	5153
986	7353
991	4137
992	558
993	65
993	2120
993	7845
995	4418
997	28
1000	3330
1008	1335
1008	2816
1008	3040
1018	4232
1019	105
1024	80
1024	150
1024	193
1024	297
1024	556
1024	1726
1024	2818
1024	3312
1024	3940
1024	4097
1024	4296
1024	4882
1024	5576
1024	6025
1024	6212
1024	6280
1024	6388
1024	6900
1025	96
1025	304
1025	310
1025	1045
1025	1568
1025	2055
1025	2160
1025	2561
1025	6944
1025	7192
1026	53
1026	1541
1026	1667
1026	2152
1026	2568
1026	4096
1026	6225
1027	528
1027	704
1027	787
1027	1062
1027	2484
1027	6866
1028	0
1028	530
1028	548
1028	3078
1028	3108
1028	4099
1028	4136
1028	6913
1029	75
1029	2114
1030	414
1030	1040
1030	2112
1030	3745
1030	4193
1030	6280
1031	1542
1031	2675
1031	4116
1031	4904
1032	2608
1032	5553
1032	6220
1032	6776
1033	2468
1033	4353
1033	4866
1033	7969
1034	512
1034	834
1034	2065
1034	2107
1034	2114
1034	2960
1034	3104
1034	4137
1035	4
1035	51
1035	1710
1035	2098
1035	3225
1035	4360
1035	4680
1035	5282
1036	16
1036	496
1036	1152
1036	1312
1036	2473
1036	5198
1038	2020
1038	3908
1038	5220
1039	17
1039	5200
1040	400
1040	1236
1040	1282
1040	1588
1040	1808
1040	2298
1040	2376
1040	4135
1040	5312
1040	6497
1040	6944
1041	483
1041	484
1041	1794
1042	87
1042	299
1042	7248
1044	1057
1044	6661
1045	671
1045	4676
1045	4756
1045	6261
1046	321
1046	1127
1046	6276
1047	7032
1048	748
1048	1061
1048	4237
1049	816
1049	1958
1049	2319
1052	953
1054	5422
1056	124
1056	449
1056	516
1056	578
1056	1032
1056	1060
1056	2052
1056	2112
1056	2202
1056	4398
1056	4610
1056	5384
1056	5512
1056	6692
1056	7464
1057	1024
1057	2319
1057	4162
1057	5539
1057	7341
1058	100
1058	768
1058	2305
1060	1330
1060	1580
1060	3460
1060	4112
1060	4561
1060	7436
1061	256
1061	6144
1061	7108
1062	2816
1062	5558
1062	6250
1063	0
1063	2152
1064	4684
1064	5284
1064	5634
1065	65
1065	5716
1066	610
1066	688
1066	1267
1066	1553
1066	3328
1067	4808
1068	2118
1068	4425
1068	7193
1068	7362
1071	4098
1072	88
1072	1065
1072	4117
1072	6660
1072	7170
1073	1
1073	1442
1073	1589
1073	3945
1074	648
1075	132
1076	2168
1076	2417
1076	5752
1077	48
1078	7710
1080	1346
1080	4103
1080	4290
1080	7329
1084	1004
1084	2480
1084	3859
1088	1872
1088	2144
1088	4112
1088	5641
1089	302
1089	772
1089	4816
1089	5261
1091	2026
1091	6320
1092	1536
1092	2368
1092	4096
1092	4373
1094	1742
1094	2116
1094	2211
1094	2617
1094	7700
1096	175
1096	5056
1097	1760
1097	2692
1097	6589
1097	8000
1099	5265
1100	845
1102	51
1102	1604
1102	4194
1102	6544
1104	134
1104	1603
1104	1797
1104	2213
1104	4369
1104	6640
1106	1856
1108	65
1108	1553
1108	4161
1109	1056
1109	6724
1110	275
1111	407
1114	1680
1114	2676
1115	1049
1118	578
1120	16
1120	312
1120	740
1120	2760
1120	3584
1120	4640
1122	320
1122	3171
1122	5382
1123	108
1123	2373
1124	370
1125	548
1125	780
1127	4464
1128	28
1128	848
1128	2210
1130	6569
1132	1316
1136	2
1136	38
1136	2097
1136	4096
1137	820
1137	4384
1138	96
1140	165
1150	3161
1152	48
1152	179
1152	363
1152	424
1152	1031
1152	1034
1152	3353
1152	4496
1152	5339
1152	6666
1153	774
1153	1137
1153	4240
1154	421
1154	1221
1154	2077
1154	4522
1154	6242
1155	33
1155	2703
1157	964
1157	1503
1157	3878
1157	6802
1158	8
1158	4240
1160	592
1160	1628
1160	2756
1160	2825
1160	5426
1160	6400
1160	7808
1161	2056
1161	7570
1162	1060
1162	2309
1163	513
1163	1224
1163	4793
1165	529
1165	3088
1168	66
1168	1408
1168	2623
1168	5312
1169	2081
1170	2016
1170	2636
1172	640
1172	2563
1172	3135
1172	3970
1172	4393
1172	5728
1174	3204
1175	101
1175	2179
1176	2072
1176	4504
1177	1847
1177	4104
1178	3530
1179	3907
1180	6791
1183	608
1184	14
1184	388
1184	960
1184	3073
1184	4646
1185	1347
1186	2628
1186	4333
1188	5
1192	84
1192	260
1192	264
1192	869
1197	17
1198	1088
1198	2049
1200	4506
1201	65
1202	3
1202	4096
1204	4122
1204	6377
1204	6401
1210	1112
1212	34
1212	7234
1216	1543
1216	2574
1218	2402
1218	6770
1219	6644
1220	4354
1220	6145
1222	1484
1223	1664
1223	4612
1224	2762
1229	202
1229	2568
1230	279
1232	4288
1232	7169
1233	34
1233	7177
1234	704
1238	7681
1239	1433
1240	1089
1240	5284
1243	1032
1247	3907
1248	1257
1256	7810
1259	3072
1264	1602
1264	5126
1266	4120
1267	1586
1269	2308
1277	492
1280	745
1280	1121
1280	2927
1280	5712
1280	5832
1280	5840
1280	6818
1281	2092
1281	2640
1281	4781
1282	1476
1282	4611
1282	5121
1283	208
1283	4192
1283	4520
1284	165
1284	678
1284	1722
1284	3204
1284	4099
1284	6409
1286	2973
1286	5409
1287	49
1287	1577
1287	7361
1288	5666
1289	1586
1289	6371
1290	1557
1290	4372
1292	48
1292	134
1292	2829
1292	4297
1292	6313
1292	7528
1293	1032
1293	4673
1294	2178
1294	3194
1294	5191
1295	678
1296	2322
1296	3736
1296	4086
1296	5012
1296	7804
1300	514
1300	3412
1300	5088
1301	3726
1302	256
1304	1026
1304	2064
1305	2310
1306	2193
1306	5015
1306	5648
1309	1664
1312	58
1312	285
1312	576
1312	1152
1312	2448
1313	93
1313	4867
1313	6176
1314	32
1314	6277
1315	6248
1316	921
1316	1075
1316	1157
1316	6402
1317	1320
1318	6313
1320	197
1320	441
1320	4129
1321	14
1321	4608
1322	4164
1327	372
1330	789
1330	3080
1330	3673
1332	2312
1336	12
1336	7681
1342	810
1342	3073
1344	89
1344	125
1344	3842
1345	4432
1346	456
1346	2496
1348	137
1348	1804
1348	5688
1353	385
1353	4225
1354	17
1355	2368
1355	4192
1356	1537
1358	2566
1359	1099
1364	1024
1367	2507
1368	5251
1374	4739
1376	1936
1376	2560
1377	4113
1378	4225
1379	137
1379	4352
1384	216
1384	2566
1384	4736
1384	6641
1386	514
1387	518
1389	201
1392	1939
1394	1028
1395	6530
1400	15
1408	2480
1408	4635
1408	5659
1408	6415
1409	1128
1409	2328
1410	358
1410	1121
1410	2816
1410	4112
1412	136
1414	1192
1417	2082
1420	1107
1420	5649
1421	464
1423	6757
1424	4289
1424	5128
1424	6152
1425	4640
1426	10
1426	3940
1426	4785
1430	4760
1440	3337
1441	6148
1441	6384
1441	7816
1442	2240
1442	6656
1444	5186
1447	3056
1450	3556
1450	6667
1456	1031
1456	4185
1456	5696
1459	809
1463	704
1463	803
1466	1568
1470	1444
1476	5168
1479	5792
1480	539
1480	1296
1483	5110
1488	3794
1489	6332
1493	1069
1496	6689
1498	3660
1500	186
1508	68
1511	6404
1523	2114
1536	0
1536	46
1536	160
1536	322
1536	332
1536	434
1536	2185
1536	4569
1536	4665
1536	4928
1536	5005
1536	5162
1536	6144
1536	6821
1536	7168
1536	7265
1536	7864
1537	607
1537	610
1537	1168
1537	1300
1537	6896
1538	6
1538	193
1538	2057
1538	2128
1538	4141
1538	4144
1539	70
1539	2236
1540	1331
1540	2062
1540	2080
1540	2819
1540	5272
1541	304
1542	528
1543	5025
1544	72
1544	262
1544	2304
1544	5010
1545	772
1545	5124
1545	5440
1546	2390
1548	256
1549	320
1549	784
1549	1154
1549	1318
1549	7514
1550	5216
1552	1158
1552	1808
1552	4096
1552	4864
1553	195
1553	4744
1554	1
1554	1352
1554	2068
1554	2465
1555	7486
1556	522
1557	11
1557	1173
1557	4104
1560	2056
1560	2153
1560	4235
1560	4612
1561	194
1562	256
1562	1115
1562	1417
1562	4226
1564	7340
1566	264
1568	19
1568	912
1568	1348
1568	2182
1568	3029
1569	270
1569	1566
1569	2096
1570	20
1570	6361
1570	7906
1573	8
1575	2254
1576	2060
1576	5712
1577	270
1577	2674
1584	20
1585	2122
1585	3084
1585	4176
1588	4416
1588	6392
1591	2080
1592	2375
1600	16
1600	1245
1600	1332
1600	1344
1600	3211
1600	4875
1600	6279
1601	5512
1602	18
1602	147
1602	456
1602	693
1602	1091
1602	1188
1603	446
1603	2196
1603	4132
1604	536
1604	1093
1604	6372
1606	528
1606	656
1607	1280
1608	1424
1608	7176
1610	2344
1612	254
1613	2336
1613	7616
1616	49
1616	4345
1616	7808
1618	144
1620	204
1620	1560
1621	3
1624	789
1625	3171
1625	7210
1632	312
1632	7169
1634	1945
1636	517
1636	593
1642	666
1648	6268
1649	400
1650	6430
1652	304
1656	784
1660	396
1664	27
1664	38
1664	330
1664	770
1664	1104
1664	4832
1664	5156
1665	149
1665	1858
1666	2321
1668	6392
1669	1000
1669	1024
1669	2690
1670	1602
1670	6562
1671	3861
1672	1168
1672	4174
1673	4179
1673	4374
1673	4626
1673	7683
1674	1258
1674	2561
1680	388
1680	1288
1680	2096
1680	6385
1681	7192
1682	5762
1682	6721
1684	66
1684	4166
1684	5250
1686	395
1688	835
1689	2073
1689	6481
1692	3266
1696	128
1696	3165
1696	4637
1697	2084
1699	337
1699	3318
1699	4280
1700	160
1700	2048
1700	4096
1700	4992
1700	6279
1700	6400
1702	341
1703	4503
1706	1041
1706	2048
1706	7186
1708	4240
1710	10
1713	4291
1714	1004
1716	3128
1717	1846
1720	2690
1721	4192
1726	3210
1728	267
1729	40
1732	4506
1732	4545
1732	4608
1733	128
1743	6241
1745	4373
1746	11
1750	4787
1760	194
1760	1077
1761	4888
1768	7582
1776	132
1776	7216
1777	1664
1782	1257
1782	3202
1784	7340
1792	2604
1792	7684
1793	2113
1794	522
1794	2314
1794	6548
1795	32
1796	3973
1796	8070
1797	8
1800	3470
1800	4627
1801	52
1801	408
1801	2628
1802	659
1802	5594
1805	4616
1808	0
1808	4282
1808	5476
1810	5397
1810	6529
1812	3428
1813	14
1814	41
1814	4112
1816	1162
1816	4165
1819	3073
1819	6544
1821	1092
1824	160
1824	546
1824	5452
1824	5632
1824	6249
1825	162
1825	561
1830	35
1832	32
1832	3401
1832	7296
1835	5726
1838	6339
1838	7504
1840	16
1840	434
1840	533
1842	2228
1843	3114
1856	526
1856	3614
1856	7172
1857	2692
1857	3987
1858	3073
1860	4650
1861	4164
1862	6278
1867	4709
1872	64
1878	3288
1884	2
1888	256
1888	642
1888	3676
1890	1052
1890	1122
1892	1108
1892	1665
1896	518
1905	648
1905	2213
1908	4128
1912	4616
1920	385
1920	1168
1920	2112
1920	2448
1920	3456
1921	270
1921	7170
1922	4100
1922	4673
1923	3853
1924	2576
1924	4999
1932	130
1934	4098
1937	516
1938	2304
1938	5451
1948	4141
1949	529
1952	6160
1952	6539
1953	2560
1955	354
1955	3081
1957	1313
1964	2830
1984	2112
1984	6868
1986	205
1986	585
1989	5920
1993	580
2000	1280
2000	1560
2000	6431
2000	6499
2008	2561
2013	929
2013	4943
2016	3118
2016	5319
2024	4204
2048	337
2048	578
2048	581
2048	623
2048	1540
2048	1859
2048	2061
2048	2064
2048	2081
2048	2179
2048	2307
2048	2566
2048	2713
2048	4373
2048	4377
2048	5429
2048	5572
2048	6052
2048	7235
2048	7495
2049	805
2049	1028
2049	1353
2049	1360
2049	2384
2049	2824
2050	706
2050	1057
2050	1102
2050	1232
2050	1240
2050	1400
2050	1576
2050	3401
2050	4259
2050	6440
2051	320
2051	1153
2051	4117
2051	6290
2052	260
2052	312
2052	401
2052	583
2052	1060
2052	2086
2052	2432
2052	5856
2052	6145
2052	6240
2053	512
2053	3586
2053	4097
2053	7168
2053	7697
2054	10
2054	1105
2054	3075
2054	6416
2055	345
2056	5
2056	66
2056	131
2056	640
2056	2100
2056	3874
2056	5205
2056	5254
2057	749
2057	1670
2057	2408
2057	4192
2057	4752
2058	1044
2058	2336
2059	7
2059	4363
2060	386
2060	544
2060	921
2060	1219
2060	2088
2060	2965
2060	3078
2060	4304
2060	4541
2062	2136
2063	675
2063	3584
2064	24
2064	44
2064	556
2064	835
2064	962
2064	1811
2064	4096
2064	4169
2064	5684
2064	6408
2064	7938
2065	992
2065	1088
2065	2688
2065	2689
2065	3604
2066	142
2066	1027
2066	3200
2066	3855
2066	4260
2066	4534
2066	5131
2066	6176
2067	706
2067	2123
2068	458
2068	5128
2068	6734
2069	7314
2070	1101
2070	2720
2070	4674
2072	3162
2073	5056
2074	3458
2075	3074
2076	2
2076	3
2076	4133
2077	647
2078	1025
2078	2053
2080	288
2080	608
2080	4622
2080	5389
2081	800
2081	2003
2081	2565
2081	4672
2081	5652
2082	1
2082	1165
2082	2640
2082	4258
2083	432
2083	4154
2083	6241
2084	16
2084	124
2084	384
2084	558
2084	774
2084	2104
2084	4108
2084	6657
2085	267
2085	1028
2085	4256
2086	1349
2087	1
2087	2120
2088	1064
2088	1076
2088	3586
2089	132
2089	4104
2090	176
2090	724
2090	1378
2090	5188
2090	6179
2091	6608
2092	1184
2092	3217
2093	1088
2093	5632
2094	2569
2096	74
2096	578
2096	836
2096	5656
2096	8128
2097	56
2097	328
2097	527
2097	3174
2097	6163
2100	36
2100	645
2100	4225
2100	5756
2100	6280
2102	6737
2104	4172
2105	898
2105	4117
2105	8160
2107	1024
2108	4116
2108	4241
2108	7169
2112	192
2112	260
2112	849
2112	1423
2112	2275
2112	3442
2112	5913
2112	6160
2113	194
2113	276
2113	2161
2113	7440
2114	1841
2114	4892
2115	376
2115	826
2115	1680
2116	219
2116	1077
2116	2370
2116	3217
2116	5317
2118	1518
2118	1868
2118	7523
2119	288
2119	5634
2120	0
2120	9
2120	208
2121	58
2122	952
2124	52
2126	710
2126	4584
2128	161
2128	2357
2128	3353
2128	6752
2129	563
2129	832
2129	2711
2129	2873
2129	3072
2129	4353
2129	4624
2130	1133
2131	1152
2131	1312
2132	742
2132	4375
2132	4388
2133	2772
2133	3146
2133	6532
2134	1315
2136	2828
2136	4096
2138	537
2138	4205
2138	6144
2139	4544
2140	2092
2140	5635
2144	927
2144	2080
2144	2321
2144	2872
2144	4353
2145	131
2145	963
2145	1089
2145	4272
2145	6684
2146	304
2146	1224
2147	1245
2147	5152
2148	67
2148	1283
2149	770
2150	2330
2152	1670
2154	2440
2154	4620
2156	6
2156	2773
2157	5152
2160	400
2160	1283
2160	4938
2164	4396
2165	5382
2166	5252
2168	276
2168	2192
2168	3337
2168	3760
2169	2141
2170	0
2170	1592
2176	5
2176	371
2176	1094
2176	2052
2176	2081
2176	4148
2176	4675
2176	5216
2176	6273
2176	6344
2177	840
2177	4170
2177	4200
2178	1668
2179	385
2179	494
2180	402
2180	2284
2180	7688
2181	178
2182	50
2182	3470
2182	5626
2183	769
2183	1697
2183	2068
2184	9
2184	36
2184	128
2184	1171
2184	2103
2185	1840
2185	4393
2186	256
2186	779
2186	824
2187	512
2187	2565
2187	3012
2187	6204
2188	2050
2188	2194
2189	470
2192	96
2192	1077
2192	1152
2192	2058
2192	4098
2192	4778
2193	920
2193	2817
2193	6273
2194	273
2194	2765
2194	4373
2194	6346
2195	1361
2199	389
2200	33
2200	833
2200	1830
2200	5133
2202	16
2204	2555
2206	4192
2208	388
2208	1104
2208	2569
2208	2640
2208	4232
2208	6756
2208	7204
2209	4097
2209	7792
2210	112
2211	193
2211	7813
2212	4353
2214	1038
2214	4225
2215	588
2216	6336
2217	660
2217	2049
2222	312
2224	2308
2225	356
2226	4526
2226	6434
2227	1052
2229	847
2231	568
2233	3978
2240	4
2240	274
2240	901
2240	3098
2240	7885
2241	304
2241	321
2241	1044
2242	132
2242	2945
2242	3596
2243	4466
2244	1602
2244	4161
2245	792
2245	4568
2245	5382
2247	1097
2248	6420
2253	75
2255	120
2255	4533
2256	2968
2256	3875
2263	288
2264	188
2265	361
2266	111
2266	337
2269	4771
2272	2736
2278	5392
2280	168
2280	7850
2281	586
2285	1180
2285	3712
2288	1537
2288	3440
2288	4168
2289	455
2291	275
2292	7193
2296	7184
2298	789
2304	97
2304	1060
2304	1090
2304	2227
2304	3725
2304	4108
2304	4112
2304	4138
2305	2184
2305	2215
2305	2378
2307	4
2307	1288
2307	2565
2308	1406
2308	2834
2309	620
2309	1217
2309	2603
2310	128
2312	1570
2312	1577
2313	245
2313	1445
2313	2458
2313	4104
2314	16
2315	4768
2315	6002
2317	2618
2317	5168
2320	6
2320	4652
2321	2
2322	241
2322	6592
2323	259
2323	3201
2324	70
2324	1224
2325	168
2325	2162
2326	1172
2326	2752
2328	84
2328	3864
2328	4150
2329	321
2333	136
2334	3195
2336	1152
2336	2054
2336	2640
2336	2661
2336	3216
2337	4706
2337	6673
2338	3034
2339	2197
2339	2504
2340	1802
2340	3877
2341	81
2341	2056
2342	4320
2343	8
2343	397
2344	1089
2344	1296
2344	6177
2346	384
2346	1090
2346	4416
2347	2224
2348	324
2348	514
2349	5280
2353	4100
2354	4897
2355	360
2356	1538
2360	1171
2360	4521
2362	7073
2363	597
2367	2376
2368	132
2368	554
2368	1089
2368	1601
2368	4757
2369	1064
2369	4110
2369	5414
2370	4372
2372	64
2372	1608
2372	2604
2372	2609
2374	781
2374	1568
2374	5184
2375	746
2376	3077
2377	6768
2386	2061
2386	4336
2387	48
2387	2600
2388	4358
2390	512
2392	656
2397	6185
2400	32
2400	1728
2400	2777
2400	4232
2402	8
2402	660
2402	2408
2402	3236
2403	1032
2408	177
2408	2896
2410	2068
2411	594
2412	1285
2412	6917
2416	4609
2417	312
2418	3784
2418	6570
2421	1058
2431	3675
2432	1044
2432	2661
2432	4628
2435	193
2435	3074
2436	368
2436	2476
2436	5392
2436	5515
2437	1536
2438	2837
2438	6978
2440	2049
2440	4374
2440	6950
2442	1126
2446	4640
2447	387
2448	3137
2448	4779
2448	7950
2449	146
2450	6980
2452	5664
2453	31
2454	192
2456	4608
2457	2325
2464	2086
2464	2739
2468	5602
2468	7192
2471	4482
2473	2541
2474	5206
2476	146
2476	2619
2477	141
2482	4332
2482	5474
2487	2052
2487	3842
2496	5648
2497	2710
2497	4488
2500	532
2500	1320
2504	4096
2506	2738
2512	2252
2512	3328
2515	96
2515	6404
2517	1540
2518	771
2522	236
2536	9
2536	7232
2546	99
2548	1635
2560	257
2560	302
2560	1297
2560	2596
2560	5121
2560	6800
2560	7516
2561	35
2561	620
2561	2132
2561	3484
2561	4097
2561	4242
2562	528
2562	2074
2562	4868
2562	6144
2563	65
2563	73
2563	262
2563	1283
2564	0
2564	4100
2565	5144
2565	6340
2566	3251
2566	5136
2566	5260
2567	1360
2567	4099
2568	276
2568	1312
2568	1348
2568	2124
2568	2912
2568	5168
2569	2432
2570	6213
2573	2832
2576	4434
2576	5123
2577	1091
2578	776
2578	1319
2580	4750
2582	5816
2583	7084
2584	865
2584	2836
2584	4290
2584	4804
2585	1624
2586	7250
2587	544
2588	2360
2591	800
2591	1163
2592	64
2592	143
2592	1402
2592	5929
2593	144
2593	1037
2594	7441
2596	208
2596	4810
2596	7696
2597	128
2597	624
2598	512
2598	584
2598	6160
2600	19
2600	1160
2600	2053
2601	2066
2602	836
2603	4608
2608	961
2608	2741
2608	4206
2610	1054
2612	513
2613	1728
2616	1705
2624	129
2624	1184
2624	1287
2624	2068
2624	2472
2624	4244
2624	6192
2625	104
2625	282
2625	4280
2626	3209
2626	5660
2627	4641
2628	3330
2629	6145
2632	115
2632	165
2632	1034
2633	5679
2634	2066
2634	4117
2636	14
2636	2688
2640	9
2640	1746
2640	1793
2640	4424
2640	7184
2641	6477
2642	1937
2644	32
2644	1321
2645	1033
2647	677
2648	2857
2648	7339
2649	1483
2656	2716
2656	5433
2657	4480
2657	6195
2658	4545
2660	2112
2662	4
2662	5538
2664	816
2664	6412
2666	96
2668	1833
2672	854
2673	2195
2675	4144
2677	4484
2679	1666
2682	3205
2688	218
2688	264
2689	143
2689	264
2689	5633
2690	164
2690	486
2690	1078
2690	4392
2690	6792
2691	2074
2692	2056
2692	5384
2692	6466
2693	5134
2694	578
2694	1282
2695	1312
2696	2116
2696	5769
2697	722
2698	1799
2700	711
2702	67
2702	648
2702	1152
2703	2114
2704	583
2704	780
2704	3270
2704	6402
2705	1522
2705	7128
2706	7501
2707	166
2708	6679
2710	1096
2717	2395
2720	133
2721	2147
2728	74
2728	137
2729	1561
2731	4104
2731	6281
2733	4747
2737	265
2739	2054
2740	2304
2740	4356
2740	7872
2742	642
2746	330
2746	3657
2749	539
2752	64
2752	1297
2752	7948
2756	3202
2759	169
2760	2791
2768	2629
2775	4272
2776	1861
2784	29
2784	515
2788	993
2788	1350
2795	5906
2804	6427
2812	8
2816	2176
2816	3332
2816	4732
2817	4810
2818	1058
2818	2560
2819	1440
2820	394
2820	1856
2821	3457
2822	2725
2823	769
2823	4100
2824	6787
2826	304
2826	3760
2828	1961
2829	4896
2831	6154
2832	421
2832	1092
2832	3672
2834	6288
2834	6401
2837	2137
2840	53
2841	1347
2842	582
2842	6176
2842	6178
2843	5321
2848	0
2848	948
2850	84
2850	272
2853	200
2856	4224
2858	520
2858	4708
2860	5
2865	1536
2865	6457
2866	1025
2866	2177
2870	2484
2871	5312
2872	834
2873	545
2880	7456
2882	6673
2884	289
2887	2604
2889	7698
2890	4120
2895	4369
2896	745
2899	51
2904	4180
2905	1156
2912	2819
2912	5385
2916	322
2917	458
2928	1128
2930	3708
2932	8064
2933	1414
2939	610
2940	229
2944	1287
2944	5842
2946	698
2950	837
2952	169
2952	820
2952	5256
2952	6538
2953	1050
2954	0
2956	14
2956	832
2960	393
2960	5426
2960	6444
2963	4192
2966	1000
2973	724
2976	2850
2977	6328
2978	2752
2980	6313
2980	7304
2982	1248
2982	1831
2997	32
3005	3400
3009	5138
3009	5602
3012	4114
3015	50
3016	3628
3020	1089
3025	4502
3028	67
3070	3369
3072	340
3072	2699
3072	3078
3072	3360
3072	4244
3072	4260
3072	4672
3073	1250
3073	4676
3073	7177
3074	2576
3074	3217
3074	4927
3075	2049
3075	2164
3076	169
3076	276
3076	1107
3076	1836
3076	2225
3077	2186
3077	4128
3077	5588
3077	7174
3078	224
3078	3075
3080	0
3080	272
3080	802
3080	1400
3080	1922
3080	2194
3080	2257
3080	2272
3080	3688
3080	6752
3080	7436
3081	5185
3082	776
3083	1344
3084	5826
3086	4225
3087	1646
3088	1068
3088	4631
3089	298
3089	1621
3089	2828
3089	6016
3090	586
3090	836
3090	2080
3090	2596
3090	4165
3090	6016
3091	2832
3092	4257
3092	5200
3093	3377
3094	784
3096	4409
3096	7617
3097	536
3098	4402
3102	3462
3104	2145
3104	2565
3104	2609
3104	4097
3104	6169
3104	6222
3104	6400
3104	6662
3105	264
3105	295
3105	592
3105	2248
3105	2711
3106	2473
3106	7466
3107	2954
3107	5422
3108	1792
3108	3537
3108	6425
3109	2288
3109	3342
3109	6785
3110	785
3110	3204
3112	4352
3112	4803
3113	3120
3113	4752
3113	6926
3115	4658
3116	1828
3116	6147
3117	788
3118	583
3119	2
3119	3348
3119	4740
3120	1293
3120	2119
3120	7192
3121	18
3121	3672
3127	2464
3128	787
3128	2212
3128	3082
3130	4288
3136	2312
3136	4160
3137	536
3137	1062
3137	3162
3137	4359
3139	2465
3139	5325
3140	8064
3141	836
3141	2584
3141	7684
3143	21
3143	49
3144	3404
3144	4512
3146	7466
3148	2081
3148	3592
3152	964
3153	2304
3154	283
3156	142
3156	3842
3157	4609
3158	2644
3160	6434
3168	518
3169	4097
3174	1461
3176	3636
3180	4320
3181	2074
3183	532
3184	4110
3186	4608
3188	5384
3196	5140
3200	80
3200	678
3200	3089
3200	3607
3200	4907
3201	1249
3202	386
3202	4386
3203	2210
3204	322
3205	3249
3205	5505
3206	2076
3207	4180
3208	1441
3208	6155
3209	2060
3209	6216
3210	1601
3210	2563
3213	6208
3216	705
3216	3338
3216	4130
3217	1120
3217	2066
3218	68
3220	5126
3221	601
3225	2313
3226	264
3226	1862
3232	2065
3232	2132
3232	4529
3233	5656
3234	52
3235	4457
3236	574
3236	6273
3237	4665
3238	4801
3238	5145
3240	105
3248	6732
3256	6061
3256	6331
3258	7272
3260	4613
3265	2385
3265	2504
3270	2056
3272	24
3274	35
3280	6464
3283	6289
3296	3328
3300	3048
3300	4226
3304	386
3304	3209
3306	808
3308	18
3309	5634
3315	4
3316	1551
3328	24
3328	258
3328	658
3328	1412
3328	4424
3328	5202
3328	5267
3328	5696
3329	256
3329	2676
3330	4
3330	19
3331	2436
3331	5187
3332	1232
3332	2277
3332	2568
3334	3664
3334	5222
3335	2718
3336	3112
3337	4104
3338	273
3338	4336
3339	1697
3340	134
3341	89
3343	7361
3344	2048
3346	136
3346	193
3347	277
3347	2154
3352	578
3356	4233
3356	5275
3357	3735
3360	4657
3361	20
3361	2418
3361	3328
3362	16
3362	1249
3362	3092
3364	5790
3366	69
3368	1681
3368	3142
3368	3340
3371	4614
3376	513
3376	641
3376	2585
3376	3969
3384	4109
3391	1161
3392	2596
3392	3590
3392	5555
3393	1282
3394	8
3394	40
3395	44
3395	6222
3396	610
3397	282
3397	5312
3399	522
3403	4492
3405	2593
3407	1396
3409	4161
3412	260
3422	1164
3425	128
3430	2306
3432	72
3432	487
3432	6226
3433	6282
3440	91
3442	666
3444	2074
3444	7296
3448	8
3456	52
3456	6528
3458	2580
3460	28
3460	1439
3464	2638
3469	280
3472	8
3473	5993
3477	108
3480	4544
3488	1040
3488	4497
3489	2342
3490	1296
3490	7176
3499	328
3500	288
3503	582
3505	4658
3513	2496
3520	50
3521	544
3524	4100
3529	6306
3535	4290
3536	3
3537	2976
3538	241
3540	2337
3542	4944
3552	1360
3556	7435
3558	572
3560	329
3565	20
3571	6177
3572	1302
3584	289
3584	384
3584	387
3584	1030
3584	4538
3585	0
3585	4485
3586	32
3586	662
3586	5344
3587	773
3588	35
3588	2315
3588	4830
3589	4928
3589	5588
3590	775
3590	1156
3591	155
3592	4320
3592	4448
3592	4692
3596	2324
3596	3294
3600	1538
3601	80
3602	1676
3604	519
3604	4200
3608	6212
3610	262
3613	3542
3616	534
3616	936
3616	4296
3616	6244
3617	5403
3618	161
3620	2341
3623	16
3624	6193
3625	3652
3628	5444
3628	6707
3631	134
3633	452
3637	6216
3638	6240
3643	288
3646	6326
3648	1318
3649	18
3650	577
3652	2434
3653	4396
3654	2066
3654	5286
3656	696
3658	175
3658	2566
3660	4129
3664	136
3664	2319
3665	292
3665	3202
3666	4688
3672	5272
3687	66
3687	872
3689	2081
3692	2617
3696	2816
3696	4646
3702	69
3704	4736
3712	2896
3713	2084
3713	2369
3714	1441
3714	2229
3715	2116
3717	1172
3718	24
3718	301
3721	3158
3721	4782
3726	2066
3728	64
3732	2836
3732	5353
3736	49
3739	2347
3748	2929
3754	4758
3755	5281
3760	5140
3762	5227
3776	1429
3776	2189
3776	3648
3777	4232
3781	2595
3786	6345
3787	577
3796	1162
3800	3172
3800	4464
3805	3108
3808	1729
3808	6419
3810	4102
3812	4204
3825	3266
3825	4256
3840	1697
3840	3498
3841	774
3844	1032
3850	6660
3852	100
3852	1156
3854	5777
3856	49
3856	4432
3857	1024
3860	7616
3867	68
3868	601
3872	4394
3874	57
3874	556
3876	6284
3898	1584
3901	2998
3901	3840
3908	2060
3910	105
3911	2654
3920	553
3920	813
3920	1581
3924	6740
3936	2244
3937	576
3940	18
3945	5442
3948	3459
3953	4112
3954	4656
3968	135
3968	272
3969	4040
3970	111
3971	46
3973	3077
3977	307
3977	1096
3980	5496
3984	5385
3986	580
4000	293
4001	1832
4016	2016
4028	2560
4032	1110
4032	6389
4036	519
4051	502
4052	6176
4077	7696
4096	17
4096	77
4096	514
4096	1031
4096	2098
4096	2320
4096	2388
4096	3201
4096	4161
4096	4354
4096	4782
4096	5280
4096	6208
4096	6727
4097	11
4097	64
4097	192
4097	1084
4097	1165
4097	1168
4097	1557
4097	3268
4097	5168
4097	7793
4098	13
4098	486
4098	2132
4098	2189
4098	2840
4098	4944
4098	5057
4098	5120
4098	5412
4098	5636
4098	5666
4100	2122
4100	2194
4100	2252
4100	4230
4101	32
4101	644
4101	773
4101	4994
4102	914
4102	5143
4102	6176
4103	1136
4103	1539
4104	2
4104	128
4104	257
4104	450
4104	1168
4104	2477
4104	4839
4105	780
4105	3130
4105	6274
4105	6528
4106	16
4106	1200
4106	1792
4106	2088
4107	1056
4107	3221
4108	2836
4108	3364
4108	5269
4108	6158
4109	1344
4109	2498
4110	301
4111	2053
4111	5123
4112	707
4112	780
4112	1040
4112	1090
4112	2313
4112	2689
4112	4662
4112	6504
4112	6984
4113	609
4113	1090
4113	1233
4113	4168
4113	6403
4114	1124
4114	1634
4114	1715
4114	4686
4114	5641
4114	6580
4115	142
4116	384
4116	1258
4116	4156
4117	6192
4118	655
4118	1280
4118	2306
4118	2560
4118	3328
4118	6337
4119	2180
4120	302
4120	460
4120	740
4120	2616
4120	4265
4120	7250
4121	134
4121	2440
4122	4106
4122	6220
4124	4112
4125	496
4125	4196
4128	128
4128	529
4128	906
4128	1105
4128	2056
4128	3002
4128	3232
4128	4361
4128	5524
4128	5633
4129	36
4129	333
4129	388
4129	4134
4129	7624
4130	6148
4131	6326
4132	7
4132	201
4132	209
4132	2626
4132	6817
4133	2053
4133	3400
4133	4666
4134	192
4134	335
4134	4560
4134	6409
4136	1160
4136	2763
4136	2825
4136	3290
4136	4612
4136	6464
4136	7263
4137	1043
4138	457
4138	5120
4139	130
4139	2318
4140	36
4140	1388
4140	3468
4140	4400
4141	2116
4142	128
4143	7624
4144	6
4144	5234
4145	24
4145	288
4145	514
4145	576
4145	1037
4146	8
4146	2732
4146	6204
4147	5065
4148	289
4149	304
4149	3424
4149	4641
4150	415
4150	4864
4151	3372
4152	2124
4154	84
4154	1056
4155	468
4156	4869
4156	7688
4157	102
4160	80
4160	672
4160	2256
4160	4263
4160	7638
4161	1108
4161	4168
4161	5121
4162	64
4162	910
4162	1044
4162	3404
4162	6017
4163	3168
4164	401
4164	562
4164	928
4164	2226
4165	2736
4166	4674
4168	2184
4169	2095
4169	2196
4170	96
4170	2063
4170	5872
4171	4398
4172	2579
4173	84
4174	4786
4176	1735
4176	2053
4176	4226
4176	4825
4177	2194
4177	7270
4178	104
4178	1178
4178	6146
4179	520
4180	1242
4180	2341
4180	5328
4181	7170
4182	4840
4184	2617
4184	3106
4184	4608
4186	609
4187	4385
4188	1755
4188	2568
4188	4105
4189	2292
4192	2176
4193	616
4193	1956
4193	5296
4193	6438
4195	7172
4196	528
4199	72
4199	4852
4200	42
4202	7490
4203	258
4203	2094
4204	2883
4205	6286
4206	137
4206	277
4206	2055
4208	3377
4209	1096
4210	104
4212	264
4213	4290
4218	2
4224	233
4224	532
4224	726
4224	768
4224	1120
4224	1474
4224	2266
4224	2597
4224	2786
4225	4485
4226	1
4226	536
4226	564
4226	842
4226	2145
4226	4130
4226	5001
4226	6560
4226	7313
4227	1720
4227	2050
4228	496
4228	2227
4228	2288
4228	3090
4228	4284
4228	6795
4228	6934
4229	248
4229	2826
4229	3348
4229	6426
4230	4800
4232	2274
4232	4279
4232	4376
4234	452
4234	736
4234	1602
4235	4296
4238	2072
4240	2094
4240	2128
4240	3489
4240	5416
4240	6456
4241	1164
4241	5728
4242	2321
4242	3861
4242	4296
4243	18
4244	710
4244	812
4244	1097
4245	324
4245	3698
4245	4293
4246	1031
4247	2139
4248	192
4248	312
4248	1670
4248	4283
4250	129
4250	2437
4250	2633
4251	400
4252	1882
4256	152
4256	402
4256	2082
4257	2181
4257	4356
4258	6213
4259	678
4259	2657
4260	583
4260	737
4261	2124
4262	5706
4262	6512
4263	1435
4263	5867
4264	773
4264	2088
4265	1024
4265	2373
4265	3459
4266	3534
4266	5254
4266	6938
4267	2822
4268	1940
4268	3328
4270	769
4272	274
4272	618
4272	1201
4272	2053
4272	6786
4273	5122
4273	5412
4276	269
4280	2084
4281	2608
4288	256
4288	707
4288	2122
4288	2373
4288	2452
4288	4492
4289	5193
4289	7680
4290	304
4290	5637
4291	288
4292	532
4293	1141
4294	374
4294	1296
4296	1419
4296	2502
4297	4641
4298	404
4298	1170
4298	6174
4299	5288
4301	1576
4303	1409
4304	4096
4304	5488
4305	68
4306	3977
4307	266
4307	6915
4308	1060
4310	36
4310	1030
4311	161
4312	28
4312	2496
4312	4108
4312	5664
4313	4740
4314	214
4316	138
4320	261
4320	458
4320	1029
4320	3569
4321	1028
4322	216
4324	788
4328	898
4328	6551
4329	1916
4330	3606
4332	5136
4336	6487
4336	6816
4338	2620
4338	4387
4341	1664
4344	568
4344	2660
4344	4168
4346	268
4352	642
4352	744
4352	800
4352	1300
4352	2088
4352	2132
4352	2784
4352	3392
4352	3694
4352	4262
4352	4288
4352	4613
4352	6162
4353	64
4353	514
4353	1635
4353	1969
4353	4129
4353	4138
4353	4388
4354	76
4354	78
4354	529
4354	4107
4354	5734
4354	6788
4356	1049
4356	1288
4356	2051
4356	4645
4357	464
4357	792
4357	1289
4357	4210
4358	540
4358	5803
4360	2308
4360	4482
4360	7712
4361	1196
4361	5771
4362	29
4362	512
4362	5597
4362	6452
4363	68
4365	384
4365	569
4366	582
4366	2226
4367	148
4368	385
4368	525
4369	6225
4369	6768
4370	800
4370	1600
4370	2618
4370	4301
4371	2340
4371	6348
4372	958
4372	2368
4374	4640
4374	4673
4376	7241
4378	360
4378	3585
4379	1665
4380	636
4380	1028
4384	130
4384	133
4384	3252
4385	361
4385	4657
4385	5391
4386	161
4386	256
4386	384
4386	2642
4386	6152
4387	28
4387	1328
4390	1033
4390	6978
4392	519
4392	4256
4392	6698
4393	2050
4393	3467
4396	547
4399	181
4400	0
4400	824
4400	1196
4400	1248
4400	5738
4403	2218
4405	1604
4405	4116
4405	6824
4410	7441
4412	2054
4416	453
4416	554
4416	2053
4417	1028
4417	1166
4417	1839
4418	1322
4418	4724
4419	7
4419	641
4419	4434
4419	6054
4420	2076
4421	2628
4423	1160
4424	512
4424	1026
4424	1143
4424	1330
4424	2064
4426	4196
4427	2578
4428	1088
4432	1449
4432	4096
4432	6331
4433	584
4433	928
4434	32
4434	5736
4435	2578
4437	2246
4439	738
4439	2184
4440	6208
4444	28
4448	546
4448	1553
4449	3618
4450	618
4450	1280
4450	2089
4450	2497
4450	7174
4452	276
4452	2453
4454	913
4456	861
4456	2581
4459	3108
4468	40
4473	6164
4480	5200
4482	1684
4482	2048
4483	336
4483	1232
4484	1297
4485	163
4485	3203
4485	8032
4487	6838
4488	2373
4489	1150
4489	1584
4489	2710
4492	212
4492	390
4492	522
4496	560
4496	1240
4497	2052
4498	544
4499	5012
4500	614
4504	76
4506	396
4507	5640
4512	34
4513	413
4513	4164
4513	5136
4514	66
4515	2051
4523	964
4524	4451
4525	4149
4526	1556
4528	7681
4539	4763
4541	7232
4544	28
4544	374
4544	1081
4544	3485
4544	6580
4545	74
4551	6340
4553	54
4554	799
4554	1154
4557	2264
4558	5280
4560	1044
4560	6190
4562	24
4564	2426
4569	1100
4576	3234
4577	1265
4579	169
4580	532
4580	1032
4581	15
4590	948
4604	2963
4608	1120
4608	1136
4608	2095
4608	2112
4608	2353
4608	4100
4608	4676
4608	4880
4609	27
4609	968
4609	3600
4610	5
4610	514
4610	4992
4610	8038
4611	2078
4612	467
4612	2344
4612	2818
4613	777
4613	1242
4614	398
4614	1738
4615	4418
4615	5140
4616	80
4616	587
4616	1133
4616	2083
4616	2330
4616	4700
4616	5964
4618	113
4618	665
4618	2813
4618	4096
4618	4131
4618	4642
4619	834
4619	863
4619	7360
4620	3260
4620	5004
4624	13
4624	225
4624	518
4624	2056
4624	5047
4624	5286
4625	1380
4625	1577
4626	100
4626	760
4626	4945
4626	7497
4627	3748
4628	4106
4628	4240
4628	4491
4628	6679
4629	4885
4633	12
4633	641
4633	4120
4633	6985
4634	3426
4634	4694
4635	385
4637	1600
4640	1413
4640	3066
4640	5120
4641	1058
4641	3104
4642	14
4642	5081
4643	259
4643	512
4644	5891
4644	7809
4646	5185
4646	5674
4647	1107
4647	2190
4648	260
4648	4193
4650	12
4651	601
4653	272
4654	34
4654	4162
4656	1572
4656	3744
4657	4008
4658	1104
4658	2177
4662	2387
4665	1540
4666	2523
4668	24
4668	168
4668	4108
4670	1096
4672	555
4672	3652
4672	4229
4672	4416
4672	6192
4673	1036
4673	1081
4673	2080
4673	4484
4674	1648
4675	651
4676	4633
4677	1239
4678	2049
4679	2117
4679	5062
4680	26
4680	3844
4680	4112
4681	1761
4681	6147
4682	160
4682	772
4682	3606
4683	32
4683	6048
4684	7266
4685	5409
4687	1632
4688	20
4688	2112
4688	4228
4692	2224
4693	77
4693	304
4695	1152
4697	196
4697	3072
4702	5208
4704	4107
4706	608
4707	1550
4707	5140
4708	3285
4708	7430
4711	5123
4715	2
4716	3203
4718	7211
4720	289
4721	4106
4721	4498
4722	2664
4724	6214
4726	1157
4730	4121
4734	328
4736	14
4736	520
4736	1579
4736	2049
4736	2208
4736	4427
4736	6402
4736	6417
4737	650
4738	592
4738	3600
4738	6436
4739	6400
4740	6672
4741	17
4741	6542
4742	85
4742	584
4744	806
4744	3072
4746	4997
4748	2568
4748	3893
4752	144
4752	156
4752	172
4752	1026
4752	1156
4754	0
4754	308
4754	2099
4755	1328
4755	6168
4756	2562
4757	532
4758	6146
4760	7443
4764	934
4764	3133
4765	7307
4766	5642
4766	6304
4768	5701
4771	1092
4772	1104
4772	4428
4778	4864
4780	4865
4788	4166
4792	4578
4800	42
4800	146
4806	826
4806	4276
4807	720
4812	2798
4812	4298
4816	456
4816	7505
4819	84
4819	134
4827	2413
4828	4154
4829	288
4835	3141
4836	1
4840	4172
4840	4936
4841	6210
4848	7565
4851	5736
4856	5636
4858	2356
4864	19
4864	64
4864	66
4864	80
4864	1052
4864	4194
4864	5642
4866	5776
4866	5900
4867	1298
4868	5433
4869	793
4869	1593
4869	1819
4870	2098
4871	516
4872	2080
4872	3589
4874	856
4874	2696
4876	257
4876	2664
4877	4600
4880	363
4880	1184
4880	1619
4881	48
4882	466
4884	2210
4885	6273
4886	4096
4888	6928
4890	970
4892	2491
4893	132
4896	2842
4897	4704
4897	6947
4898	1741
4898	4674
4898	5178
4899	4144
4900	21
4900	1197
4900	4672
4901	5335
4903	4194
4904	783
4904	2048
4904	3632
4905	70
4905	4657
4905	6732
4908	0
4909	304
4914	1025
4914	3728
4914	4330
4915	14
4916	32
4924	72
4928	118
4928	2185
4928	4290
4932	219
4933	433
4936	4097
4938	2048
4940	5504
4946	4549
4947	2117
4960	4297
4962	5644
4968	83
4970	2048
4970	4256
4976	1427
4978	6785
4979	3753
4990	525
4993	4809
4994	680
4994	4145
4994	6465
4996	270
4996	4354
4996	7776
4998	3072
5000	2439
5008	360
5012	4538
5017	181
5020	6164
5029	2576
5032	1754
5033	3724
5039	1618
5040	389
5043	380
5044	5232
5056	2601
5056	3336
5057	3424
5064	3387
5069	3666
5070	4100
5072	81
5072	896
5074	2608
5092	2084
5096	673
5100	639
5120	133
5120	612
5120	2081
5120	2304
5120	2456
5120	3088
5120	3304
5120	3381
5120	4120
5120	4176
5120	7168
5121	120
5121	146
5121	4636
5122	129
5122	1205
5122	4367
5122	4420
5122	7413
5123	193
5123	2085
5123	4169
5124	1026
5124	1032
5124	2196
5124	3288
5124	4480
5124	5224
5124	5384
5126	413
5126	2138
5126	7362
5127	35
5127	118
5127	1283
5128	341
5128	1121
5129	4105
5130	4096
5132	2639
5132	4196
5132	4577
5133	1110
5133	2066
5135	1285
5136	7260
5137	36
5137	640
5137	3328
5138	2048
5138	2096
5138	4324
5139	5120
5140	5377
5141	2180
5142	2309
5142	4360
5143	331
5144	528
5144	2344
5144	3344
5144	3600
5146	264
5146	3532
5146	6180
5152	1280
5152	3028
5152	4234
5154	4749
5154	6916
5154	7699
5155	2208
5156	4100
5157	6679
5158	824
5159	6920
5160	2378
5160	3397
5160	4360
5161	2180
5161	2974
5161	3107
5161	4118
5163	2280
5164	4234
5168	1057
5168	3648
5168	6530
5169	1355
5169	2786
5172	50
5173	6466
5174	2184
5178	5846
5181	7680
5184	56
5184	201
5184	2245
5184	2852
5184	6288
5185	4097
5185	4160
5186	2881
5186	3280
5187	152
5187	824
5187	1236
5188	5312
5190	4378
5190	4416
5190	5252
5192	301
5192	2090
5193	931
5194	960
5194	1540
5195	3107
5196	1536
5197	592
5197	3168
5200	532
5200	2433
5200	4333
5202	4614
5203	1024
5204	2421
5207	4256
5209	420
5212	2688
5216	1037
5217	4400
5219	7950
5222	7944
5224	476
5227	1552
5229	2118
5232	1040
5232	3680
5235	7168
5238	6450
5241	528
5248	84
5248	646
5248	2181
5248	4098
5249	560
5249	1027
5249	2224
5253	5381
5254	3998
5256	1761
5256	2178
5256	6400
5257	2244
5257	4320
5259	5
5260	6720
5261	228
5262	4616
5264	849
5264	2116
5265	1313
5268	1048
5270	1421
5271	6628
5272	3666
5274	294
5276	336
5280	1280
5282	8080
5284	4665
5285	480
5286	1062
5288	1123
5288	3082
5289	4096
5292	4
5294	1440
5300	2710
5301	4296
5312	258
5312	600
5312	1282
5312	1756
5312	4365
5314	48
5314	4103
5314	5145
5315	1045
5315	4886
5316	1956
5316	2400
5316	3712
5317	257
5318	2196
5320	5524
5321	2148
5321	3333
5324	4361
5329	4866
5336	1546
5345	611
5345	4178
5361	2143
5376	16
5377	3288
5378	129
5378	1792
5378	2963
5381	3040
5381	6937
5382	77
5384	2819
5385	3030
5385	5227
5385	7941
5388	6714
5390	142
5390	276
5392	539
5392	598
5392	6170
5393	514
5395	678
5395	4872
5400	5632
5401	4100
5402	2085
5403	1183
5408	4440
5410	4259
5412	4
5414	1028
5414	2120
5415	7753
5416	130
5416	1409
5425	192
5428	5124
5432	4314
5432	6786
5440	39
5440	656
5440	896
5440	2484
5440	6308
5440	6344
5440	7767
5441	2401
5442	6
5442	1155
5442	3425
5443	2056
5444	1324
5445	3346
5445	6758
5446	2120
5447	1162
5448	304
5448	1217
5448	3752
5449	3232
5449	4163
5452	21
5452	1042
5454	992
5457	96
5461	5312
5469	388
5474	6564
5480	323
5480	6320
5484	7182
5504	4257
5505	392
5505	466
5505	2322
5506	512
5506	1090
5507	6301
5508	133
5509	2504
5510	728
5512	135
5512	2065
5513	257
5514	5633
5516	2064
5516	2304
5520	1044
5520	2066
5520	2145
5521	4264
5526	4288
5531	960
5532	2784
5532	5730
5536	1409
5537	1376
5537	3080
5540	4387
5540	6272
5544	32
5552	78
5557	298
5565	836
5568	1056
5568	1174
5569	40
5583	1560
5588	1546
5589	3104
5603	2260
5605	4144
5607	4706
5632	944
5632	3263
5632	4705
5633	256
5633	518
5633	3115
5633	4920
5634	1027
5634	1537
5634	5978
5635	4110
5635	4147
5636	589
5636	2033
5636	6277
5637	3438
5638	7
5638	1335
5640	328
5640	2489
5641	7317
5642	3200
5647	2776
5648	4179
5649	66
5650	1457
5650	4543
5659	42
5660	3085
5665	6148
5668	5160
5672	3072
5672	3205
5680	534
5682	2128
5688	4621
5696	577
5696	1392
5696	2053
5698	432
5698	6144
5704	4849
5704	7400
5705	1483
5706	2856
5708	5291
5712	19
5713	2105
5718	4896
5719	6453
5720	129
5720	3706
5725	4628
5730	3
5736	144
5739	1816
5740	600
5741	417
5744	427
5760	1424
5760	3380
5760	5252
5760	5410
5760	6688
5761	737
5761	3491
5761	5260
5762	2368
5765	5704
5766	84
5766	1029
5766	2051
5768	1200
5771	4252
5771	6272
5778	45
5785	627
5792	539
5793	64
5793	3084
5794	6688
5796	248
5796	4104
5796	4609
5798	200
5800	4196
5802	75
5808	1027
5816	1426
5824	0
5824	4370
5828	793
5828	3072
5831	5470
5833	4105
5836	3162
5836	5591
5837	848
5842	1921
5846	65
5849	4129
5857	4160
5859	6152
5866	1162
5883	1185
5888	132
5888	2467
5888	2584
5888	7440
5889	2216
5890	2338
5890	4388
5896	16
5897	1123
5897	4811
5901	2689
5902	199
5904	524
5904	3072
5905	3081
5907	280
5910	7
5919	4882
5920	290
5922	37
5922	64
5922	264
5924	4098
5926	5261
5928	6348
5929	1096
5929	2322
5952	1543
5953	1352
5955	161
5956	2837
5958	6640
5961	43
5968	96
5968	3840
5972	4048
5980	4300
5985	6203
5987	780
5996	2993
6003	1793
6008	232
6016	37
6017	1086
6018	6498
6020	3180
6021	1555
6027	841
6027	2064
6036	1
6048	6253
6050	6658
6052	2062
6063	1868
6064	6658
6071	1031
6084	520
6086	3092
6088	4932
6131	2560
6132	514
6144	88
6144	208
6144	1035
6144	1113
6144	1665
6144	2117
6144	4148
6144	5142
6144	5284
6144	5570
6144	7268
6145	1114
6146	604
6146	2306
6146	3280
6146	4240
6146	6321
6147	3078
6147	6816
6148	344
6148	1292
6148	2057
6148	4533
6149	1234
6149	4873
6149	7560
6150	534
6150	2245
6150	3267
6150	6144
6150	6403
6151	1664
6151	4891
6152	23
6152	1422
6152	4128
6152	4247
6152	6323
6152	6537
6153	3154
6153	5190
6153	6185
6155	846
6155	2163
6155	4768
6155	4850
6160	25
6160	1224
6160	4768
6160	6154
6161	7211
6164	0
6165	2316
6165	6193
6166	492
6167	213
6168	2377
6168	7141
6168	7439
6169	5
6172	130
6172	1193
6176	2240
6176	2516
6176	4100
6176	4222
6176	4257
6178	5
6178	2576
6179	4301
6180	1492
6180	2306
6181	2056
6182	271
6182	1289
6183	4722
6183	5012
6184	47
6184	3609
6184	4744
6189	5216
6190	146
6190	5896
6192	493
6192	518
6192	5824
6193	293
6193	3352
6194	4874
6201	434
6203	1560
6204	2085
6204	2200
6205	6364
6207	558
6208	6
6208	2092
6208	4214
6209	784
6209	4887
6210	9
6210	41
6210	7880
6211	336
6212	392
6212	4322
6212	4501
6212	4781
6213	1541
6214	269
6216	4192
6217	2232
6218	1093
6221	6682
6222	72
6225	453
6225	2129
6225	4585
6225	7460
6226	5132
6227	588
6229	5318
6232	2605
6235	4914
6236	5446
6237	7
6239	272
6240	416
6240	5377
6241	4873
6242	832
6242	5323
6244	664
6245	4673
6245	7121
6248	5576
6252	4150
6255	1461
6256	214
6260	176
6261	2480
6264	240
6265	32
6267	2763
6272	1
6272	384
6272	777
6272	3153
6272	4112
6272	4850
6272	7745
6273	520
6274	1528
6276	1113
6278	1280
6278	2887
6280	3133
6281	225
6281	4611
6282	534
6284	64
6284	5136
6288	1025
6288	1152
6289	172
6290	59
6290	576
6290	2322
6291	841
6293	125
6293	2112
6294	4097
6297	4324
6304	88
6304	176
6304	1027
6304	2102
6304	2421
6304	2817
6304	3104
6304	4750
6305	64
6305	153
6306	388
6306	737
6308	16
6308	2249
6311	2599
6313	1585
6314	536
6314	562
6314	4145
6322	3388
6323	4426
6325	16
6325	48
6326	152
6328	4922
6328	7812
6332	4163
6333	4422
6336	4889
6336	6802
6337	1089
6337	6656
6338	122
6340	2370
6342	3752
6342	5801
6345	6986
6346	276
6346	1125
6347	972
6348	3265
6352	360
6352	1033
6357	7305
6362	4289
6364	1632
6364	5142
6366	4660
6368	2198
6368	5123
6370	3092
6372	1024
6376	2629
6384	6401
6389	673
6400	69
6400	1072
6401	512
6401	579
6401	841
6401	4505
6402	32
6402	117
6402	4622
6402	6180
6402	7396
6404	4376
6404	5665
6406	5152
6408	2113
6409	2084
6409	2160
6410	3647
6411	2656
6412	1280
6412	6662
6416	284
6416	619
6416	2188
6416	6860
6417	2152
6418	1318
6418	1346
6419	3305
6421	515
6421	6452
6422	6160
6423	6301
6424	849
6424	1327
6425	1236
6432	180
6432	520
6433	49
6437	5128
6441	4336
6445	7308
6448	7201
6452	6240
6456	2624
6459	128
6460	2566
6464	4868
6464	5130
6464	5218
6464	5219
6464	7680
6467	145
6467	2704
6467	5148
6468	142
6472	233
6473	5444
6475	2703
6477	6672
6480	4224
6481	6756
6482	862
6484	3303
6487	3229
6492	2848
6494	2049
6495	2048
6498	1197
6498	5128
6501	1352
6504	1040
6515	6169
6528	5792
6528	6152
6528	6198
6528	6291
6529	389
6529	5650
6530	514
6532	258
6532	4116
6533	2052
6533	2105
6535	27
6537	128
6537	451
6544	6182
6548	3659
6549	4391
6549	6152
6550	6405
6551	596
6553	4114
6555	388
6560	536
6560	1640
6560	6146
6560	7432
6570	3061
6580	2552
6599	6194
6602	6659
6604	16
6604	120
6621	6537
6626	56
6628	96
6632	5569
6634	182
6656	257
6656	566
6656	2304
6656	3560
6656	7936
6657	4308
6657	8073
6658	25
6658	450
6659	961
6659	4852
6660	528
6662	504
6666	80
6666	6224
6667	1204
6667	4246
6668	4104
6672	160
6672	272
6672	967
6673	32
6674	15
6676	4113
6677	67
6678	2168
6680	1177
6684	5720
6689	3593
6689	5376
6690	42
6692	4100
6693	2448
6694	2840
6696	16
6696	942
6696	1966
6696	4136
6697	4865
6704	2384
6713	3132
6720	1040
6720	1070
6721	2196
6722	4588
6722	4830
6726	5013
6728	5382
6729	1000
6729	5827
6731	2388
6732	4
6732	2264
6737	4230
6740	4933
6747	1538
6752	2256
6757	146
6760	340
6760	4104
6768	5384
6780	48
6784	16
6784	38
6785	1112
6785	2353
6787	6024
6789	166
6789	5120
6790	7272
6791	2126
6792	4160
6792	4966
6792	5162
6792	7934
6794	277
6796	1539
6798	4874
6798	7360
6800	1397
6800	2136
6800	3199
6800	3732
6800	4488
6805	4140
6814	3109
6814	4225
6817	850
6817	4363
6824	5378
6825	42
6833	352
6850	3365
6852	4352
6854	458
6855	2060
6856	612
6856	1289
6856	2122
6861	59
6870	5259
6872	917
6875	3138
6876	2784
6880	2116
6893	2180
6896	4096
6899	2177
6906	608
6913	3136
6913	5632
6914	2240
6915	1105
6917	6513
6918	1291
6920	4096
6921	4240
6924	4142
6925	5200
6928	50
6928	2281
6928	4308
6931	116
6931	515
6945	4256
6949	6177
6952	6150
6976	384
6976	520
6976	3336
6977	1255
6980	8084
6982	6672
6985	1041
6992	424
7000	32
7010	445
7014	38
7017	513
7017	2056
7023	1210
7028	3856
7040	88
7044	1444
7048	175
7048	561
7050	33
7058	544
7061	4485
7065	3078
7070	541
7074	98
7080	96
7082	1028
7088	4721
7106	280
7108	3045
7116	674
7118	386
7120	4192
7124	1820
7137	4896
7168	4
7168	1156
7168	2344
7168	3076
7168	6132
7169	624
7169	1556
7169	2304
7169	6291
7170	1132
7170	1762
7170	3618
7170	6153
7171	7905
7173	1686
7174	1120
7174	1593
7176	2823
7176	4378
7176	6685
7177	6713
7181	526
7182	1568
7182	2374
7184	618
7184	1068
7184	5249
7184	7234
7185	134
7186	3658
7188	240
7188	656
7189	2578
7191	1792
7192	4096
7193	6470
7197	2381
7201	1280
7202	81
7205	777
7206	2405
7206	4682
7208	5123
7209	8
7212	1162
7212	6240
7216	683
7216	2085
7218	5120
7226	468
7228	4106
7228	5060
7230	512
7232	2064
7232	2177
7232	5272
7234	1649
7235	5776
7236	1024
7237	2059
7237	2220
7238	1157
7240	3977
7244	5457
7248	7492
7251	1648
7253	4898
7254	1064
7256	59
7256	4883
7265	100
7266	3394
7266	4224
7270	92
7270	4224
7277	3001
7283	2052
7284	2886
7296	799
7296	5137
7298	697
7298	1569
7300	1696
7302	2496
7302	4224
7302	6434
7305	7232
7312	2108
7312	3124
7313	6998
7314	2
7314	4624
7317	4850
7318	12
7328	7900
7332	4740
7333	4036
7345	131
7348	193
7348	2050
7349	5154
7357	7814
7360	1916
7360	3205
7360	4372
7361	361
7366	426
7369	720
7380	1596
7381	4287
7382	4182
7392	30
7393	1968
7393	2320
7396	646
7409	1095
7420	1696
7424	7290
7428	64
7432	1124
7432	4354
7440	4256
7441	6149
7442	536
7442	4194
7443	5285
7444	2224
7445	513
7460	136
7460	7230
7466	1065
7468	779
7470	186
7470	6928
7479	525
7481	613
7488	512
7490	2562
7490	6224
7494	2028
7495	968
7499	152
7504	2093
7506	2301
7515	2256
7520	2660
7521	121
7522	65
7523	4163
7530	4296
7531	4017
7532	363
7534	1024
7536	396
7540	432
7552	465
7555	616
7557	256
7557	1922
7557	4304
7562	4629
7565	24
7565	2056
7568	536
7571	5152
7574	1025
7575	2083
7579	2229
7584	1132
7584	4919
7585	2401
7588	3360
7596	7598
7597	4402
7600	6923
7604	4102
7604	4510
7613	1686
7626	453
7633	97
7636	532
7640	665
7648	2244
7664	5148
7668	6760
7680	388
7688	1835
7688	5929
7691	2470
7697	161
7697	1504
7697	4268
7699	384
7705	7288
7712	1035
7713	1168
7715	980
7718	868
7723	4162
7733	1088
7735	1590
7748	1046
7752	5064
7753	6280
7760	384
7760	802
7776	2576
7780	1601
7808	576
7808	2071
7818	5898
7821	6164
7831	3130
7832	1330
7836	5632
7840	5222
7840	6276
7845	98
7845	4388
7848	3367
7848	3712
7874	1185
7877	4252
7880	162
7914	3424
7920	67
7922	88
7941	1207
7942	4228
7944	805
7946	4355
7946	5802
7955	1672
7955	4417
7965	265
7968	519
7991	652
8009	3240
8012	3237
8020	258
8049	6664
8064	2692
8065	5128
8069	4314
8085	2260
8106	1674
8148	1136
