4096 8192
0	4
0	18
0	64
0	88
0	119
0	137
0	164
0	169
0	224
0	229
0	256
0	265
0	281
0	284
0	300
0	304
0	306
0	315
0	336
0	397
0	442
0	456
0	513
0	520
0	540
0	546
0	548
0	600
0	619
0	810
0	832
0	896
0	918
0	1000
0	1026
0	1028
0	1152
0	1184
0	1280
0	1346
0	1424
0	1425
0	1700
0	1704
0	1856
0	2068
0	2069
0	2098
0	2136
0	2137
0	2186
0	2216
0	2355
0	2368
0	2532
0	2565
0	2608
0	2632
0	2655
0	2691
0	2730
0	2819
0	2865
0	3076
0	3080
0	3093
0	3201
0	3527
0	3598
0	3808
1	16
1	68
1	137
1	148
1	158
1	272
1	538
1	595
1	640
1	916
1	1280
1	1309
1	1476
1	1632
1	1701
1	2026
1	2051
1	2090
1	2096
1	2180
1	2369
1	2720
1	3073
1	3334
1	3335
1	3521
1	3624
1	3777
1	4080
2	1
2	4
2	17
2	35
2	145
2	236
2	289
2	428
2	565
2	851
2	1077
2	1141
2	1270
2	1332
2	1383
2	1384
2	1540
2	1698
2	2049
2	2052
2	2070
2	2085
2	2126
2	2240
2	2248
2	2692
2	3077
2	3103
2	3326
2	3984
3	226
3	270
3	362
3	568
3	737
3	896
3	1304
3	1646
3	2092
3	2464
3	2502
3	2594
3	3338
3	4008
4	0
4	1
4	8
4	34
4	68
4	78
4	128
4	292
4	296
4	328
4	512
4	514
4	608
4	1158
4	1194
4	1209
4	1289
4	1357
4	1441
4	1664
4	1724
4	2155
4	2213
4	2338
4	2450
4	2564
4	2835
4	2837
5	3
5	242
5	440
5	582
5	651
5	791
5	1152
5	1473
5	1542
5	1808
5	1972
5	2178
5	2225
5	2466
5	2568
5	3300
6	154
6	257
6	331
6	615
6	1537
6	2126
6	2152
6	2540
6	3973
7	0
7	66
7	70
7	384
7	3126
8	5
8	22
8	112
8	117
8	192
8	208
8	210
8	258
8	267
8	321
8	347
8	600
8	616
8	661
8	769
8	1032
8	1189
8	1357
8	1573
8	2049
8	2083
8	2456
8	2684
8	2866
8	3016
8	3172
8	3192
8	3348
8	3635
9	10
9	108
9	155
9	289
9	329
9	746
9	794
9	838
9	1030
9	1090
9	1122
9	1124
9	1193
9	2098
9	2192
9	2629
9	3111
10	0
10	66
10	71
10	81
10	137
10	192
10	279
10	451
10	680
10	783
10	928
10	1312
10	1313
10	1457
10	1539
10	1593
10	1800
10	1955
10	2133
10	2600
10	2753
10	3074
10	3344
11	42
11	272
11	1626
12	7
12	37
12	143
12	249
12	324
12	390
12	546
12	564
12	769
12	785
12	1096
12	1203
12	1493
12	1602
12	1729
12	2117
12	2326
12	2404
12	2561
12	2816
12	2831
13	17
13	549
13	771
13	1353
13	2085
13	3161
13	3352
14	59
14	640
14	784
14	1548
14	2052
14	2066
14	2375
14	2892
14	3592
15	489
15	2314
15	3904
16	23
16	24
16	32
16	38
16	66
16	69
16	80
16	86
16	160
16	201
16	263
16	294
16	528
16	548
16	576
16	720
16	1000
16	1065
16	1109
16	1257
16	1310
16	1539
16	1568
16	1733
16	2033
16	2560
16	2598
16	2669
16	2945
16	3108
16	3282
16	3473
16	3718
17	309
17	640
17	783
17	808
17	866
17	1200
17	1985
17	2177
17	2817
17	2981
17	3076
17	3473
17	3482
18	272
18	322
18	545
18	776
18	784
18	785
18	934
18	1027
18	1312
18	2064
18	2122
18	2209
18	2862
18	2874
18	2884
18	2948
18	3072
18	3148
18	3340
18	3354
18	3381
18	3680
19	16
19	259
19	440
19	672
19	786
19	2099
19	2114
19	2388
20	3
20	52
20	171
20	613
20	656
20	777
20	1286
20	1402
20	1452
20	1549
20	2177
20	2293
20	2816
20	3123
20	3149
20	3841
20	3870
21	204
21	479
21	794
21	1050
21	1136
21	1617
22	1
22	259
22	426
22	514
22	912
22	1313
22	2090
22	2124
22	2176
22	3824
23	529
23	1024
23	1411
24	66
24	98
24	131
24	136
24	193
24	272
24	322
24	532
24	609
24	986
24	1828
24	2048
24	2052
24	2061
24	2240
24	2841
24	3208
25	40
25	144
25	1402
25	2625
25	2726
25	2954
25	3584
25	3780
26	177
26	256
26	584
26	624
26	1345
26	1557
26	2580
26	3075
27	513
27	647
27	1065
27	1639
28	11
28	257
28	335
28	1409
29	260
29	267
29	296
29	2561
30	2
30	1413
31	3881
32	17
32	19
32	34
32	48
32	52
32	53
32	68
32	74
32	184
32	244
32	256
32	260
32	288
32	548
32	564
32	578
32	768
32	1090
32	1419
32	1556
32	1670
32	2180
32	2181
32	2372
32	2384
32	2560
32	2626
32	2673
32	2692
32	3073
32	3096
32	3120
32	3128
32	3138
32	3721
32	3756
33	5
33	230
33	273
33	307
33	560
33	656
33	1088
33	1571
33	2104
33	2310
33	2680
33	2704
33	3137
34	0
34	8
34	11
34	98
34	128
34	129
34	256
34	654
34	961
34	1564
34	2232
34	2836
34	2849
34	3329
35	128
35	780
35	1026
35	2565
36	3
36	10
36	24
36	33
36	34
36	130
36	286
36	306
36	536
36	672
36	802
36	1184
36	1296
36	1310
36	1937
36	2080
36	2132
36	2162
36	2176
36	2357
36	3361
37	4
37	25
37	178
37	182
37	258
37	692
37	1332
37	3136
37	3638
38	20
38	67
38	657
38	1602
38	2112
38	3093
39	45
39	257
39	2177
39	3273
40	62
40	69
40	93
40	129
40	149
40	519
40	610
40	693
40	913
40	1226
40	1312
40	1553
40	1832
40	2068
40	2212
40	2304
40	2356
40	2418
40	2887
40	3345
41	42
41	97
41	324
41	555
41	1696
41	2066
41	2560
41	2721
41	3592
41	3872
42	8
42	36
42	268
42	322
42	565
42	802
42	835
42	1248
42	1594
42	2816
43	139
43	1536
43	2113
43	2308
43	2562
44	223
44	1172
44	1720
44	2081
44	2089
44	2189
45	70
45	195
45	250
45	1209
45	2176
46	1057
46	2379
46	3128
47	257
47	2819
48	82
48	256
48	556
48	633
48	1072
48	1088
48	1155
48	1280
48	1876
48	1929
48	2150
48	2356
48	2448
48	2568
48	2853
48	3874
49	10
49	532
49	772
49	1025
49	1032
49	1083
49	2048
50	25
50	199
50	273
50	1077
50	1680
50	2376
50	3346
50	3746
50	3814
51	2116
52	16
52	466
52	728
52	1078
52	1264
52	1680
52	1792
52	2718
52	3018
53	64
53	88
53	256
53	832
53	1099
53	2066
53	2136
53	2606
54	705
54	2768
55	848
55	2560
56	172
56	306
56	386
56	449
56	512
56	560
56	770
56	778
56	1536
56	1652
56	2053
56	3078
56	3372
57	541
57	2064
58	218
58	266
58	560
58	578
58	2389
59	1121
59	2388
59	2752
60	29
60	139
60	234
60	2090
60	2113
61	962
62	25
62	60
62	64
63	97
63	102
63	1078
64	1
64	20
64	25
64	36
64	41
64	55
64	72
64	96
64	114
64	234
64	250
64	280
64	285
64	612
64	629
64	804
64	833
64	1097
64	1121
64	1153
64	1561
64	1568
64	1819
64	2083
64	2097
64	2114
64	2132
64	2210
64	2564
64	3226
64	3245
65	21
65	40
65	56
65	84
65	100
65	122
65	132
65	560
65	640
65	1416
65	1665
65	1683
65	2432
65	2657
65	3020
65	3304
65	4032
66	32
66	60
66	69
66	88
66	164
66	258
66	323
66	362
66	454
66	517
66	641
66	899
66	903
66	1368
66	1636
66	1796
66	2049
66	2597
66	3330
67	24
67	64
67	160
67	176
67	1569
67	1672
68	2
68	5
68	10
68	32
68	195
68	197
68	281
68	416
68	445
68	912
68	1049
68	1074
68	1159
68	1426
68	2305
68	2308
68	2456
68	2649
68	3082
68	3088
68	3680
69	20
69	155
69	586
69	2278
69	2352
69	2578
69	2828
69	3278
69	3331
70	531
70	544
70	604
70	616
70	656
70	1105
70	3080
70	3107
70	3236
70	3413
71	266
71	568
71	1505
72	3
72	633
72	728
72	747
72	1286
72	1408
72	2233
72	2560
73	5
73	38
73	280
73	288
73	849
73	1424
73	1540
73	1640
73	2786
74	6
74	10
74	416
74	516
74	583
74	596
74	1036
74	1540
74	2048
74	2111
74	2564
75	14
75	576
75	1585
75	2209
75	2574
76	195
76	371
76	395
76	968
76	1184
76	2675
77	8
77	176
77	1296
77	2160
78	36
78	37
78	114
78	1973
78	2198
78	2440
79	0
79	268
80	129
80	162
80	166
80	433
80	1040
80	1051
80	1176
80	1455
80	1604
80	1664
80	1684
80	1696
80	2092
80	2502
80	2752
80	2784
80	3295
80	3496
80	3586
80	3588
81	2
81	20
81	22
81	48
81	142
81	256
81	290
81	468
81	645
81	1192
81	1350
81	1357
81	1610
81	1828
81	3584
81	3622
82	108
82	125
82	274
82	339
83	727
83	1097
83	1211
84	79
84	92
84	116
84	325
84	1808
84	1844
85	357
85	556
85	1400
85	2124
85	2360
85	2592
85	3074
85	3844
86	17
88	19
88	44
88	160
88	705
88	1028
88	1794
88	2222
88	2280
88	2320
88	3276
88	3987
89	2324
90	744
90	1096
90	1139
90	2068
90	3796
91	500
91	1038
91	2069
92	206
93	68
93	1336
93	3223
94	269
94	1031
94	2090
95	2
95	1428
96	21
96	112
96	131
96	161
96	272
96	540
96	642
96	1256
96	1281
96	2403
96	2976
97	14
97	36
97	298
97	2313
97	2336
98	36
98	182
98	196
98	1157
98	1193
98	2048
98	2248
98	2305
98	2450
99	384
99	1741
100	448
100	1033
100	1576
101	4
101	10
101	177
101	1804
101	2858
102	298
102	417
102	2052
102	3045
102	3622
103	266
103	394
103	792
103	1192
103	3332
104	257
104	292
104	591
104	1112
104	2081
104	2086
104	2773
105	58
105	1112
106	215
106	436
106	1140
106	2593
108	18
108	546
108	790
108	1152
108	2117
108	2336
108	2373
108	3000
109	1131
109	2145
111	1066
111	2357
112	4
112	76
112	96
112	142
112	272
112	493
112	641
112	676
112	808
112	1280
112	1792
112	2051
112	3584
113	515
113	1225
113	2564
113	2730
113	3584
114	1219
114	2075
114	2773
114	3098
116	824
116	1484
116	1593
116	1676
116	2121
116	2234
117	290
117	528
117	1088
118	878
120	35
120	80
120	90
120	908
120	1206
121	327
122	4
122	100
122	2262
122	2816
123	2755
124	5
124	201
124	300
124	609
126	552
126	2086
126	3641
128	0
128	4
128	16
128	17
128	54
128	80
128	139
128	165
128	278
128	326
128	477
128	522
128	598
128	611
128	614
128	644
128	673
128	714
128	720
128	833
128	835
128	941
128	1056
128	1133
128	1161
128	1864
128	2060
128	2079
128	2116
128	2208
128	2368
128	2642
128	2701
128	2732
128	2785
128	2906
128	3620
129	2
129	24
129	198
129	202
129	257
129	274
129	712
129	1122
129	1218
129	1249
129	1312
129	1330
129	1600
129	1938
129	2104
129	2316
129	2344
129	2375
129	2898
129	3075
129	3171
129	3340
130	0
130	1
130	9
130	45
130	66
130	69
130	258
130	390
130	576
130	835
130	1487
130	2049
130	2116
130	2597
130	2816
130	3785
131	640
131	642
131	1058
131	3364
131	3779
132	0
132	3
132	8
132	74
132	410
132	442
132	534
132	584
132	610
132	681
132	713
132	772
132	1072
132	1538
132	1936
132	2459
132	2632
132	2920
132	3405
132	3616
133	2
133	8
133	15
133	132
133	497
133	676
133	1044
133	2072
133	3180
133	3376
134	0
134	139
134	147
134	320
134	846
134	2133
134	2162
134	2496
134	2624
134	3332
135	1288
135	2056
135	3171
136	51
136	68
136	516
136	528
136	558
136	848
136	871
136	1550
136	1664
136	2060
136	2125
136	2136
136	2193
136	2579
136	2816
136	3164
136	3206
136	3242
136	3675
136	3844
137	126
137	257
137	308
137	796
137	1041
137	1804
137	2051
137	2574
138	2
138	63
138	101
138	275
138	644
138	1032
138	2081
138	2372
139	7
139	632
139	643
139	1536
140	356
140	705
140	768
140	832
140	936
140	2065
140	3109
140	3226
140	3304
140	3908
141	160
141	644
141	2072
141	3731
142	162
142	461
142	2062
142	2696
143	7
143	249
143	3080
144	27
144	68
144	129
144	133
144	200
144	216
144	276
144	302
144	338
144	458
144	586
144	774
144	803
144	1028
144	1622
144	2342
144	2410
144	3117
144	3290
144	3329
145	8
145	456
145	581
145	684
145	1123
145	1483
145	1816
146	34
146	1024
146	1553
146	1573
146	2048
146	3776
147	454
147	1092
147	2212
148	13
148	100
148	748
148	836
148	850
148	1030
148	1074
148	1602
148	1680
148	1803
148	2093
148	2197
148	2347
148	2672
148	2881
149	40
149	384
149	386
149	1025
149	2329
150	313
150	1054
150	1093
150	1395
151	177
151	192
151	1810
151	2168
151	3377
152	36
152	60
152	96
152	144
152	160
152	311
152	2308
152	3607
153	11
153	514
153	776
153	1152
153	3520
154	4
154	2512
154	2680
154	4045
156	13
156	340
156	426
156	1257
159	1121
160	299
160	485
160	502
160	532
160	544
160	672
160	1674
160	1792
160	2064
160	3192
161	54
161	678
161	1160
161	1224
161	1384
161	2220
161	2584
161	3488
162	16
162	34
162	49
162	202
162	456
162	531
162	576
162	1552
162	2124
162	2186
162	2249
162	2857
162	3623
163	256
163	1168
163	1388
163	2290
163	3328
163	3623
164	973
164	1107
164	2560
164	2956
165	20
165	261
165	420
165	632
165	1092
166	3
166	2885
167	1011
168	160
168	256
168	515
168	520
168	1664
168	1765
168	2198
169	1542
169	1828
170	234
170	272
170	838
170	1042
170	2439
171	594
172	48
172	308
172	1736
173	9
173	2884
174	1301
174	2081
176	694
176	1122
176	1163
176	2192
176	2337
176	3076
176	3599
177	169
177	1556
178	41
178	377
178	969
179	25
179	387
179	2848
180	571
180	2092
181	214
181	326
183	673
184	24
184	1064
185	1283
186	144
186	176
186	1032
189	423
189	2336
191	1268
192	0
192	16
192	17
192	31
192	133
192	191
192	521
192	577
192	649
192	656
192	1351
192	1421
192	1592
192	1664
192	1698
192	1732
192	2016
192	2148
192	2260
192	2422
192	2865
192	3104
192	3336
192	3594
193	81
193	288
193	938
193	1640
193	2565
194	656
194	1037
194	1045
194	1458
194	2208
194	2515
194	3370
194	3414
194	3485
195	1024
195	1225
195	2272
195	3033
196	4
196	2121
196	2609
196	3136
197	101
197	864
197	2680
198	46
198	327
198	384
198	840
198	3022
198	3194
199	416
200	228
200	529
200	628
200	1056
200	1432
200	2580
201	5
201	6
201	136
201	322
201	2104
201	2208
201	2833
201	2891
202	4
202	1838
202	2160
202	2617
202	2704
203	385
203	1510
204	279
204	3909
205	1040
205	1536
206	2827
208	1368
208	2049
209	148
209	262
209	345
209	496
209	1587
209	2465
209	2700
209	3688
209	3840
210	101
210	512
210	1856
210	2600
211	257
212	2
212	12
212	248
212	520
212	832
213	67
213	2114
214	784
214	1137
214	3360
216	12
216	2322
216	2637
217	36
217	167
218	96
218	540
220	1825
220	2051
224	338
224	595
224	1036
224	1136
224	1345
224	1404
224	2217
224	3123
225	9
225	3086
226	518
226	872
226	2856
227	2600
227	2601
227	2830
228	134
228	3140
229	2188
229	3079
230	3975
231	467
231	640
231	1130
232	194
232	520
232	793
232	1533
232	2818
232	3282
233	2441
233	2633
234	1539
234	3088
236	1071
236	1096
236	2436
237	304
239	161
240	516
240	3860
242	24
242	304
242	1536
243	2461
243	2552
244	10
245	1060
245	2064
247	531
248	145
248	547
248	2442
252	131
252	3530
254	120
256	2
256	10
256	11
256	18
256	148
256	168
256	273
256	324
256	552
256	608
256	645
256	646
256	658
256	1103
256	1128
256	1172
256	1316
256	1400
256	1542
256	1552
256	1636
256	1816
256	2058
256	2089
256	2184
256	2265
256	2480
256	2637
256	2821
256	2833
256	3088
256	3163
256	3330
256	3511
256	3844
257	25
257	136
257	224
257	268
257	272
257	553
257	624
257	705
257	748
257	780
257	962
257	1052
257	1332
257	1728
257	1876
257	2386
257	2853
257	3196
258	16
258	68
258	79
258	110
258	112
258	259
258	285
258	407
258	677
258	1019
258	1030
258	1046
258	1229
258	1552
258	1610
258	2056
258	2084
258	3075
258	3660
259	122
259	130
259	2080
259	2375
259	3312
260	36
260	150
260	371
260	1128
260	1334
260	1698
260	1827
260	1866
260	1944
260	2916
260	3284
261	0
261	118
261	334
261	1063
261	1155
261	1563
261	2048
262	18
262	266
262	307
262	335
262	964
262	1812
262	3076
263	775
263	1230
263	2560
263	3072
264	129
264	136
264	576
264	592
264	822
264	872
264	1027
264	1289
264	1537
264	1634
264	2052
264	2100
264	2243
264	2722
264	3968
265	100
265	277
265	1196
265	3665
265	3668
266	1
266	80
266	270
266	513
266	1698
266	2330
266	2368
266	2945
267	57
267	152
267	459
267	1024
267	1484
267	2834
267	3408
268	0
268	2
268	17
268	394
268	458
268	517
268	769
268	1090
268	1296
268	1480
268	1760
268	2145
269	388
269	1028
269	2096
269	3653
270	16
270	72
270	203
270	277
270	287
270	423
270	1322
270	1671
271	14
271	544
271	2739
271	3889
272	0
272	16
272	64
272	65
272	224
272	296
272	306
272	392
272	1137
272	1232
272	1450
272	1556
272	2056
272	2076
272	2105
272	2112
272	3098
272	3353
272	3465
273	146
273	560
273	1485
273	2144
273	3091
274	650
274	840
274	1348
274	3080
275	545
275	1353
275	1505
275	2016
275	3120
276	0
276	11
276	197
276	1552
277	19
277	1588
277	2122
277	2316
278	2960
279	282
279	1540
280	996
280	1066
280	2178
280	2320
280	2824
280	3233
281	2800
282	665
282	1069
282	3176
283	98
283	196
284	554
284	1585
284	1817
284	2908
285	1216
286	2438
287	1573
287	3265
288	4
288	181
288	552
288	832
288	896
288	1330
288	1370
288	1428
288	1568
288	2060
288	2240
288	2363
288	2667
288	2765
289	0
289	51
289	69
289	288
289	627
289	2089
289	3072
290	0
290	518
290	1024
290	1085
290	1501
290	1576
290	1821
291	261
291	407
291	2588
292	96
292	549
292	898
292	2048
292	2313
293	33
293	129
293	1376
293	2180
293	2916
293	3073
293	3520
294	256
294	1095
295	852
295	1369
296	66
296	256
296	400
296	843
296	1059
296	1096
296	1585
296	1860
297	17
297	78
297	264
297	2646
297	3457
298	272
298	2608
299	162
300	675
300	2112
300	2250
302	1050
303	82
304	5
304	69
304	138
304	1303
304	2157
305	33
305	1286
305	2050
305	2362
306	3
306	68
306	1100
306	3098
307	154
308	1036
308	2277
308	2278
308	2658
309	768
310	74
310	171
310	1033
310	1881
310	3088
311	1566
312	36
312	199
312	1030
312	2049
313	1136
313	2692
313	3140
314	772
316	724
316	770
316	1464
316	2066
316	3586
318	2196
320	32
320	161
320	210
320	280
320	516
320	656
320	768
320	1046
320	1088
320	1581
320	2081
320	2214
320	2270
320	2357
320	2561
321	2096
321	2163
322	124
322	193
322	1108
322	1560
322	2117
322	2974
322	3332
323	27
323	102
323	553
323	561
323	1058
323	3211
324	192
324	457
324	544
324	640
324	1152
324	3209
324	3232
325	293
325	775
325	1746
326	0
326	1027
326	1564
326	2060
327	3732
328	264
328	394
328	1698
329	51
329	1161
330	16
330	1088
330	1167
330	1440
331	149
331	1559
331	2312
332	21
332	356
332	1044
332	3264
333	1161
333	2604
334	273
336	0
336	85
336	124
336	672
336	2372
336	2564
337	144
337	544
337	1121
337	1281
337	1798
337	3586
337	3601
338	41
338	153
338	808
338	1351
339	450
340	9
340	421
340	724
340	1542
340	1568
340	3074
341	536
341	836
344	528
344	1026
344	2326
345	312
345	1543
345	3336
348	3240
350	2131
352	264
352	1026
352	1568
352	2347
352	2598
352	3120
353	843
353	1947
353	2416
353	2768
354	355
355	269
355	633
355	682
355	688
355	2311
356	1172
356	1587
358	546
358	2058
360	321
360	513
360	1093
360	1475
360	2050
360	2112
360	3808
361	4
361	81
361	3146
362	133
364	8
365	921
365	1056
366	80
366	124
366	160
366	3590
367	1666
368	8
368	32
368	772
369	834
369	1049
369	1088
370	256
370	1865
370	2280
370	3224
371	1828
372	30
372	340
372	350
373	5
375	200
375	1620
375	2688
376	228
377	1001
380	1481
382	1316
383	522
384	6
384	9
384	16
384	71
384	82
384	112
384	228
384	305
384	530
384	570
384	1057
384	1160
384	1637
384	2300
384	3050
384	3092
384	3130
384	3220
384	3584
384	3920
385	0
385	90
385	224
385	269
385	416
385	639
385	1154
385	1600
385	2466
385	2561
386	34
386	144
386	147
386	403
386	532
386	1117
386	1121
386	1664
386	2054
386	3118
386	3222
386	3733
387	1
387	10
387	79
387	225
387	2565
388	18
388	19
388	80
388	292
388	1254
388	1920
388	2066
388	2178
388	3243
388	3402
388	3616
389	272
389	292
389	294
389	400
390	0
390	644
390	1025
390	1856
390	2121
390	2195
390	2253
391	16
391	2768
391	3152
392	177
392	1316
392	2060
392	3074
392	3365
393	3089
394	0
394	1
395	77
395	2061
396	128
397	149
397	368
397	594
397	1219
398	2566
400	6
400	50
400	67
400	180
400	392
400	529
400	620
400	793
400	1536
400	1800
400	2577
400	2659
401	192
401	290
401	3355
402	512
402	586
402	3845
403	217
403	2312
403	2664
404	308
404	1044
404	2063
404	3136
406	3588
406	3648
408	36
408	141
408	656
408	2267
409	656
409	2566
410	1042
412	58
412	353
412	2052
413	128
416	450
416	580
416	1026
416	1378
416	1764
416	2688
417	358
417	456
417	533
417	2164
417	3206
417	3232
418	131
418	274
418	898
418	1414
418	3138
419	69
419	1048
420	24
420	316
420	1380
421	913
421	1536
421	2300
421	2731
423	77
423	2308
423	2988
424	14
424	262
424	455
424	1380
424	3160
425	14
425	137
426	256
426	721
426	2064
426	2401
426	3616
427	3240
428	908
428	1121
428	2355
430	593
431	2081
432	418
432	516
432	648
432	1160
433	1138
433	2048
434	4
434	225
434	547
434	997
434	1293
434	1584
436	704
436	2628
439	128
440	0
440	395
441	523
442	2393
444	1264
444	2076
445	144
445	2316
446	2562
448	1296
448	1345
448	1352
448	1539
448	2280
448	2827
448	3112
449	82
449	1668
449	2177
449	2564
450	17
450	2129
450	2688
450	3428
450	3532
451	2128
451	3200
452	426
452	553
452	2257
453	1028
454	1548
455	2048
456	260
456	295
456	1283
456	1834
456	1972
457	1464
457	2080
458	34
458	2944
458	3314
459	2560
460	120
461	369
462	224
464	130
464	1842
464	2630
464	2640
465	2
465	242
466	8
466	1702
468	411
469	212
469	2208
472	661
472	1158
473	990
473	1332
474	528
474	1026
476	88
480	33
480	259
480	276
480	1174
480	3019
481	1280
481	2088
482	1825
484	1040
485	640
486	1627
486	2192
490	1280
490	2576
491	1104
492	530
495	2074
496	1041
496	1222
496	3201
496	3428
497	464
497	592
497	2049
499	102
501	138
504	3072
505	1152
506	2084
506	2758
508	1344
512	64
512	65
512	77
512	112
512	132
512	223
512	256
512	302
512	358
512	386
512	417
512	528
512	552
512	1026
512	1031
512	1048
512	1049
512	1112
512	1192
512	1298
512	1468
512	1568
512	1569
512	1576
512	2048
512	2050
512	2196
512	2304
512	2340
512	2378
512	2452
512	2572
512	3086
513	16
513	82
513	129
513	133
513	178
513	432
513	516
513	621
513	656
513	1024
513	1065
513	1071
513	1283
513	1352
513	1552
513	1580
513	1612
513	1690
513	2049
513	3629
514	8
514	192
514	384
514	506
514	782
514	1112
514	1182
514	1430
514	1472
514	1655
514	2325
514	3042
514	3243
514	3968
515	36
515	353
515	534
515	643
515	672
515	1056
515	2150
515	2886
515	2976
515	3072
515	3424
515	3842
516	3
516	80
516	260
516	273
516	408
516	522
516	530
516	1064
516	1149
516	1153
516	1186
516	1346
516	1348
516	2186
516	2242
516	2501
517	5
517	197
517	272
517	284
517	930
517	1528
517	2053
517	2133
517	3076
518	2
518	122
518	608
518	1820
518	2088
518	3928
519	4
519	168
519	246
519	1024
519	1540
519	2187
519	2192
519	3076
519	3168
519	3968
520	12
520	16
520	96
520	772
520	795
520	1008
520	1024
520	1456
520	1602
520	2084
520	2712
520	3292
520	3778
521	148
521	230
521	1808
521	2816
522	157
522	516
522	547
522	800
522	852
522	1281
522	1467
522	2179
522	2272
523	64
523	258
524	16
524	129
524	272
524	274
524	385
524	537
524	773
524	3106
524	3344
524	3756
525	260
525	1551
525	2458
526	40
526	280
526	352
526	512
526	1067
526	1093
526	1655
526	2624
526	3598
527	56
527	525
527	576
527	2197
528	8
528	24
528	68
528	96
528	532
528	608
528	640
528	664
528	1212
528	1223
528	1303
528	1394
528	1443
528	1568
528	2080
528	2124
528	2188
528	2332
528	2882
529	32
529	616
529	1032
529	1076
529	1282
529	2766
530	17
530	32
530	102
530	162
530	296
530	513
530	1091
530	1248
530	1628
530	1678
530	2629
531	1161
531	1356
531	2868
532	9
532	289
532	366
532	1336
532	2450
532	3145
532	3841
533	21
533	128
533	131
533	534
533	2072
534	580
534	1832
534	2048
534	3723
534	4080
535	2100
536	0
536	464
536	779
536	1200
537	391
537	660
537	688
537	842
537	2276
538	6
538	968
538	1376
538	1664
538	2120
538	3185
540	456
540	740
540	1218
541	193
541	512
541	1154
541	2316
542	354
542	1272
543	4
544	3
544	36
544	392
544	424
544	489
544	528
544	572
544	1044
544	1066
544	1225
544	2084
544	2178
544	2293
544	2320
544	2376
544	2436
544	2948
544	3652
544	3756
545	0
545	40
545	204
545	873
545	929
545	1608
545	3072
545	3208
546	5
546	55
546	148
546	737
546	805
546	1610
546	2395
546	2614
546	2849
546	3784
547	328
547	514
547	1632
547	1776
548	132
548	145
548	932
548	1061
548	3298
548	3616
549	104
549	198
549	513
549	2421
549	2818
550	38
550	770
550	993
550	1027
550	2053
550	3361
550	3809
551	45
551	692
552	28
552	72
552	118
552	522
552	620
552	1808
552	2630
552	3131
552	3152
553	24
553	2048
554	32
554	164
554	577
554	2170
555	117
555	1284
556	832
557	564
557	3464
558	2142
558	2224
559	1059
560	21
560	182
560	328
560	354
560	1048
560	2064
560	3332
560	3584
561	11
561	295
561	452
561	581
561	658
561	2063
561	2739
562	1088
562	3840
563	178
563	1457
563	2147
563	2338
565	627
565	3123
566	2784
568	2194
568	2238
568	2481
568	3461
569	322
569	2566
571	2861
572	82
572	3892
574	3411
576	0
576	2
576	8
576	306
576	331
576	516
576	1030
576	1056
576	1059
576	2113
576	2522
576	2787
576	3265
577	2
577	324
577	328
577	896
577	1586
577	2176
577	2178
578	7
578	162
578	485
578	1592
578	2464
579	2852
580	27
580	520
580	1041
580	1072
580	2050
580	2141
580	2568
580	2578
580	2976
580	3095
581	856
581	2084
581	2307
581	3113
582	170
582	1049
582	2467
583	1088
583	1210
584	195
584	453
584	585
584	1092
584	1284
584	1860
585	1040
585	2258
585	2373
586	3108
587	900
587	1575
587	3490
588	3
588	64
588	96
588	618
588	1416
588	1571
589	2650
590	2187
590	3218
591	1088
591	1708
592	52
592	138
592	1424
592	1606
592	2186
592	2194
592	2238
592	2304
593	256
593	278
593	514
593	2312
594	8
594	17
594	47
594	143
594	556
594	2072
594	2946
596	330
596	539
596	803
596	1152
596	2107
597	928
597	1045
598	0
598	552
599	3
599	128
599	1548
600	18
600	1409
600	1474
600	2282
600	2692
600	3264
602	432
603	2377
604	772
604	2072
606	2595
608	105
608	208
608	267
608	576
608	1180
608	1424
608	1649
608	2191
608	3652
609	576
610	1104
610	1332
610	1545
610	2130
610	2688
610	2894
611	256
611	1025
612	257
612	328
612	785
612	1797
612	2122
613	2050
613	2818
614	92
614	165
614	1083
616	260
616	272
616	992
616	2074
616	3328
616	3529
617	1161
617	1265
617	2512
617	3128
618	66
619	1056
620	2288
620	2626
621	2486
622	240
622	384
622	448
622	2707
623	1552
624	128
624	135
624	561
624	737
624	1050
624	1075
624	3168
625	192
625	1564
625	1896
626	96
626	2853
626	3235
627	1931
628	153
629	164
630	2119
630	2306
632	144
632	1096
633	656
633	1614
636	209
638	518
638	2369
639	2764
640	22
640	45
640	144
640	156
640	556
640	596
640	625
640	646
640	903
640	1185
640	1312
640	1488
640	2088
640	3109
640	3625
641	6
641	8
641	292
641	512
641	772
641	973
641	1336
641	1558
641	2049
641	2054
641	3243
642	0
642	32
642	216
642	390
642	546
642	1128
642	1283
642	2152
642	3456
642	3628
643	258
643	1058
643	1504
643	2597
644	50
644	465
644	673
644	1000
644	1040
644	1048
644	1058
644	1601
644	2062
644	2076
644	2151
644	2400
644	2624
644	2712
644	3221
644	3328
645	3
645	934
645	1040
645	1114
645	2561
646	484
646	674
646	1416
646	2088
646	2207
646	2521
646	3136
647	87
647	338
647	1905
647	2062
648	73
648	1092
648	1818
648	1853
648	3137
649	57
649	2566
650	284
650	2620
650	2867
651	966
651	2120
651	2304
652	314
652	3362
653	104
653	2056
653	2193
653	2310
654	490
654	516
654	1061
654	2406
656	12
656	34
656	88
656	1188
656	2981
657	1597
657	2338
657	3193
658	14
658	74
658	2258
658	3224
658	3328
659	52
659	2116
660	364
661	512
661	779
661	1046
661	1553
662	1185
662	3240
663	306
664	6
664	200
664	1290
664	2229
664	2482
664	3360
665	528
665	3457
666	812
667	0
667	342
667	530
667	928
668	298
668	642
669	42
669	934
669	1216
672	37
672	522
672	1792
672	2657
672	2696
672	3081
672	3765
673	0
673	148
674	1609
674	2009
674	2112
674	2608
675	514
676	128
676	289
676	968
676	1282
677	532
677	1069
677	1739
678	0
678	256
680	2178
680	2304
680	2880
684	1284
685	264
685	269
686	3122
686	3211
688	290
688	737
688	2468
688	2560
688	3720
691	1056
692	824
692	1297
692	3085
693	1154
696	6
696	699
696	844
696	1360
696	2884
698	895
698	1178
699	32
700	32
700	1541
700	3396
702	2575
704	2
704	85
704	125
704	337
704	514
704	528
704	1104
704	2298
705	231
705	772
705	2314
705	2698
706	142
706	552
706	1162
706	1362
706	1531
706	1858
706	2574
706	3209
706	3667
707	2144
708	2
708	328
708	2816
708	3356
709	513
712	1
712	497
712	2069
712	2080
712	3000
713	89
713	2336
713	3296
714	93
714	2825
715	152
716	130
717	67
718	808
719	2097
720	276
720	3137
722	140
724	385
725	604
725	2338
725	2341
726	7
726	264
728	45
728	1380
730	3850
731	985
731	2626
733	3341
734	3142
736	17
736	288
736	743
736	1065
736	3208
737	2090
739	808
741	277
742	397
743	25
744	900
744	2052
746	1562
747	2216
749	1373
752	1730
752	2148
754	2307
754	3174
757	2470
759	792
760	721
760	3081
765	900
766	2739
768	80
768	134
768	209
768	260
768	963
768	1030
768	1040
768	1052
768	2073
768	2369
768	2512
768	2604
768	3701
769	17
769	530
769	540
769	1162
769	1316
769	1688
769	3073
769	3162
770	63
770	201
770	535
770	643
770	1056
770	1072
770	1345
770	1512
770	1868
770	2304
770	2856
770	3204
772	256
772	896
772	1050
772	1288
772	1318
772	1672
772	2097
772	2113
772	2306
772	3076
773	270
773	1945
773	3475
774	404
774	2057
774	2178
775	29
775	632
775	1504
776	32
776	516
776	1572
776	2686
777	830
777	1834
777	2074
777	3154
778	19
778	53
778	263
778	896
778	1328
778	2281
778	3620
779	1288
780	2089
780	3088
781	373
781	2147
782	1035
782	3446
783	529
784	36
784	844
784	1568
784	2090
784	2562
784	2583
785	8
785	2673
786	418
786	2613
786	2791
787	104
787	1026
787	2720
788	199
788	424
788	2593
788	3072
789	452
789	896
789	2738
790	480
790	1026
790	2058
790	3720
791	1798
792	82
792	689
793	326
793	2060
793	3363
793	3375
794	1080
794	1300
794	1388
794	2050
794	2209
794	3429
796	643
796	1361
797	1488
797	1680
797	2197
799	3010
800	49
800	57
800	543
800	1676
800	2052
801	2
801	810
801	2188
801	3585
801	3634
802	962
803	204
803	1290
804	146
804	264
804	704
804	1104
804	1124
804	2296
805	220
808	106
808	116
808	238
808	1106
808	2824
808	3266
811	47
812	390
812	3216
813	520
814	1617
815	2898
816	8
816	265
816	1488
817	513
817	516
822	490
822	1611
823	2049
824	1034
826	3609
826	4000
829	2114
832	20
832	521
832	1206
832	2054
832	2056
832	2248
832	2695
833	419
833	1121
834	33
834	775
834	2678
835	2677
836	756
836	2593
836	2771
837	1794
837	2050
837	2177
837	2629
837	2827
838	80
839	546
840	22
840	128
840	2176
840	3650
841	2624
842	369
842	1064
843	1796
844	416
846	2087
848	328
848	452
848	1729
848	3373
849	64
849	276
849	640
849	3084
850	432
850	1216
850	2819
850	3844
851	280
852	384
852	516
852	1416
855	3074
855	3278
856	641
856	964
856	1127
856	3184
858	328
864	545
864	897
864	1153
864	1168
864	3300
864	3392
865	1282
865	3266
866	72
867	128
868	0
868	162
869	258
870	2444
871	269
872	524
872	2818
874	194
874	1360
874	1607
875	2127
879	1156
882	2372
883	1029
884	40
887	2636
890	1619
891	3380
896	146
896	192
896	386
896	523
896	670
896	1283
896	1474
896	1518
896	2339
896	3317
897	1541
897	2464
898	2177
898	3201
900	1345
901	1672
902	100
902	1025
902	1118
902	2278
902	2614
903	272
903	2137
903	2328
904	97
904	273
904	417
904	2074
904	2586
905	706
905	2530
908	1004
908	1033
908	1280
909	1115
910	1538
910	1605
911	2245
912	777
912	3112
912	3459
913	972
913	1304
915	129
916	2
916	2149
916	3305
917	68
921	2435
922	1328
922	2080
928	44
928	528
928	1826
934	66
935	2823
937	430
937	1478
937	3716
938	1064
939	2176
940	67
940	2451
941	34
943	2166
944	721
944	1456
945	2596
946	1054
946	2185
948	1057
949	1698
950	3076
952	3840
954	2082
956	642
960	200
960	208
960	418
960	512
960	1106
960	2726
960	3252
962	1282
964	528
964	913
964	1332
964	2784
965	1132
966	453
966	624
967	1763
968	1122
968	2268
969	850
973	1434
974	2440
976	4
976	556
976	1563
976	2576
977	1080
980	657
982	39
988	649
993	1300
996	32
996	73
997	4
1000	1768
1000	2786
1003	3590
1010	2264
1013	20
1017	3088
1024	0
1024	9
1024	68
1024	92
1024	128
1024	158
1024	242
1024	256
1024	258
1024	325
1024	450
1024	520
1024	624
1024	647
1024	704
1024	786
1024	804
1024	834
1024	845
1024	902
1024	1042
1024	1126
1024	1153
1024	1160
1024	1297
1024	1536
1024	1676
1024	1696
1024	1704
1024	1746
1024	2094
1024	2158
1024	2256
1024	2316
1024	2326
1024	2466
1024	3108
1024	3338
1024	3660
1024	4052
1025	46
1025	60
1025	72
1025	232
1025	307
1025	536
1025	930
1025	1232
1025	1797
1025	2210
1025	2534
1025	2792
1025	3347
1026	1
1026	5
1026	12
1026	18
1026	20
1026	36
1026	64
1026	65
1026	81
1026	100
1026	243
1026	289
1026	324
1026	448
1026	522
1026	546
1026	1294
1026	1320
1026	1420
1026	1545
1026	2065
1026	2328
1026	2392
1026	2594
1026	2764
1026	2898
1026	3080
1026	3732
1027	41
1027	165
1027	1092
1027	1320
1027	1346
1027	1936
1027	2336
1027	2564
1027	2568
1027	2865
1027	3273
1027	3620
1027	3650
1028	9
1028	28
1028	47
1028	229
1028	304
1028	305
1028	430
1028	458
1028	616
1028	1136
1028	1282
1028	1600
1028	1906
1028	1937
1028	2072
1028	2085
1028	2352
1028	2560
1028	3001
1029	401
1029	542
1029	1280
1030	80
1030	1088
1030	1104
1030	1353
1030	1793
1030	2079
1030	2448
1030	3362
1030	3725
1031	16
1031	192
1031	733
1031	2068
1032	64
1032	230
1032	385
1032	531
1032	686
1032	792
1032	913
1032	1030
1032	1296
1032	1573
1032	1684
1032	1824
1032	3074
1032	3201
1032	3272
1032	3349
1033	0
1033	200
1033	272
1033	288
1033	371
1033	512
1033	626
1033	1176
1033	1713
1033	1920
1033	2560
1033	3472
1034	37
1034	41
1034	47
1034	84
1034	92
1034	2056
1034	2152
1034	2288
1034	2602
1034	2698
1034	3248
1034	3369
1035	1186
1035	3744
1036	133
1036	136
1036	1583
1036	2066
1036	3078
1036	3435
1036	3750
1037	258
1037	384
1037	400
1037	1156
1037	1723
1037	2240
1037	3204
1038	547
1038	2080
1039	213
1039	571
1039	2716
1040	50
1040	67
1040	219
1040	256
1040	777
1040	1089
1040	1548
1040	1578
1040	2180
1040	2672
1040	3111
1040	3347
1040	3526
1041	354
1041	1282
1041	2194
1041	3418
1042	144
1042	292
1042	516
1042	537
1042	542
1042	864
1042	2154
1042	2162
1042	2392
1042	2834
1042	2864
1042	3103
1043	12
1043	1027
1043	2433
1043	3198
1043	3336
1044	340
1044	1040
1044	1552
1044	1600
1044	2118
1044	2212
1044	2420
1044	2692
1044	3491
1045	228
1045	328
1045	1105
1045	2066
1046	17
1046	392
1046	3250
1046	3545
1047	1285
1048	1218
1048	2466
1049	651
1049	1266
1049	1539
1050	45
1050	194
1051	650
1051	736
1051	2051
1051	2579
1052	10
1052	41
1052	676
1052	1555
1052	3780
1053	1864
1053	3712
1054	2
1054	2292
1056	43
1056	74
1056	83
1056	360
1056	1928
1056	2137
1056	2434
1056	2689
1056	3102
1056	3105
1056	3329
1056	3368
1057	9
1057	460
1057	1216
1057	1579
1057	1668
1057	2063
1057	2100
1057	2129
1057	2680
1057	3268
1058	3
1058	288
1058	1036
1058	1481
1058	2241
1058	2402
1058	3230
1059	172
1059	664
1059	1073
1059	2770
1059	2848
1060	6
1060	76
1060	132
1060	210
1060	353
1060	409
1060	597
1060	778
1060	2076
1060	2097
1060	2852
1060	3010
1060	3085
1060	3203
1061	81
1061	651
1061	1056
1061	1732
1061	3589
1062	33
1062	365
1062	2182
1062	2186
1062	2240
1062	2594
1063	513
1063	869
1064	66
1064	709
1064	728
1064	804
1064	2314
1064	2568
1064	2624
1064	3338
1065	1410
1065	2372
1066	544
1066	790
1066	1096
1066	2690
1066	3342
1066	3986
1067	536
1067	2052
1067	2118
1068	97
1068	1032
1068	2020
1068	3008
1070	2
1070	166
1070	400
1071	2304
1072	64
1072	212
1072	736
1072	1284
1072	1600
1072	2544
1074	514
1074	584
1074	1152
1074	2986
1076	192
1076	217
1076	2080
1076	3136
1077	1604
1078	1092
1079	1339
1080	1226
1080	3077
1081	564
1081	1538
1081	1927
1082	779
1082	2218
1083	24
1083	194
1083	1117
1084	3
1084	33
1085	1430
1086	780
1087	1105
1088	4
1088	12
1088	64
1088	159
1088	216
1088	465
1088	565
1088	1047
1088	1048
1088	1124
1088	1378
1088	1868
1088	1897
1088	2204
1088	2218
1088	2272
1088	2346
1088	2376
1088	2560
1088	2577
1088	2674
1088	3340
1088	3456
1088	3601
1088	3680
1089	179
1089	260
1089	589
1089	620
1089	640
1089	1160
1089	1544
1089	1577
1089	3352
1090	577
1090	673
1090	1317
1091	214
1091	531
1091	2777
1092	39
1092	115
1092	282
1092	2245
1092	2565
1093	144
1093	180
1093	262
1093	899
1093	1922
1093	2049
1093	2343
1093	3106
1093	3236
1094	1029
1094	1676
1094	2081
1095	228
1095	576
1095	1296
1095	2891
1096	32
1096	608
1096	1447
1096	2614
1096	2620
1097	18
1097	48
1097	274
1097	1738
1098	32
1098	385
1098	1152
1099	3242
1101	129
1101	512
1101	782
1101	1232
1101	1416
1101	2050
1101	2613
1102	93
1102	1040
1102	2324
1103	542
1104	48
1104	132
1104	208
1104	345
1104	599
1104	838
1104	848
1104	2759
1104	3250
1104	3403
1105	21
1105	137
1105	139
1105	421
1105	2592
1105	2994
1106	16
1106	20
1106	722
1106	904
1106	1409
1106	1537
1106	1557
1106	2264
1108	1804
1108	2914
1108	3694
1109	0
1110	128
1110	572
1110	1058
1112	101
1112	532
1112	640
1114	165
1116	52
1116	641
1116	1592
1116	2704
1116	3336
1117	1472
1118	704
1120	38
1120	148
1120	402
1120	508
1120	518
1120	723
1120	1091
1120	1176
1120	2128
1120	3088
1121	41
1121	54
1121	289
1121	640
1121	716
1121	1058
1121	1064
1121	1249
1122	480
1122	2224
1123	2112
1124	559
1124	1033
1124	3334
1125	2052
1126	63
1126	72
1126	3145
1126	3360
1128	220
1128	320
1129	16
1129	2165
1130	393
1130	1684
1130	2052
1131	8
1131	2612
1132	26
1132	2064
1132	2120
1132	2228
1132	3408
1133	1618
1135	10
1135	781
1136	641
1136	1899
1136	2498
1137	34
1137	362
1137	2583
1138	256
1138	2082
1139	2130
1140	186
1140	1800
1141	1292
1149	2253
1149	2317
1150	538
1152	1
1152	48
1152	72
1152	134
1152	256
1152	257
1152	526
1152	553
1152	769
1152	1041
1152	1064
1152	1334
1152	1549
1152	2050
1152	3090
1152	3394
1153	897
1153	1129
1153	1183
1153	1282
1154	5
1154	942
1154	1090
1154	1697
1154	2232
1154	2368
1154	3076
1155	10
1155	296
1155	1210
1155	2800
1155	3074
1156	18
1156	164
1156	1770
1156	2377
1156	3093
1156	3499
1157	1036
1157	2433
1158	1088
1158	2048
1158	2209
1159	3
1159	75
1159	1032
1159	2243
1160	22
1160	384
1160	841
1160	1088
1160	1702
1160	3088
1161	536
1161	896
1161	1184
1161	2051
1161	2181
1161	2465
1161	2818
1161	3340
1161	3393
1162	67
1162	152
1162	1026
1162	1160
1162	1383
1162	2608
1163	1536
1165	1036
1165	1608
1165	1640
1165	3089
1167	3046
1168	19
1168	69
1168	274
1168	521
1168	1160
1168	1283
1168	2128
1168	2242
1168	2575
1169	128
1169	201
1169	752
1169	3221
1170	1280
1170	1456
1170	1536
1170	3328
1170	3336
1171	1218
1171	1412
1172	2
1172	10
1172	11
1172	64
1172	230
1172	309
1172	647
1172	1052
1172	1344
1172	2306
1172	2530
1172	2752
1173	8
1173	608
1175	240
1176	75
1176	384
1176	1088
1176	2832
1177	2
1177	1560
1178	850
1178	1386
1178	1504
1178	2833
1180	432
1182	76
1184	145
1184	278
1184	514
1184	906
1184	1073
1184	1120
1184	1156
1184	1368
1184	1792
1184	2387
1184	2644
1184	3592
1185	3352
1186	176
1186	779
1186	2439
1186	3082
1187	408
1188	2
1188	3
1188	1637
1188	2079
1188	2234
1188	2944
1189	65
1189	656
1189	2177
1189	3652
1190	19
1190	576
1190	1048
1192	1
1192	264
1192	672
1192	773
1192	897
1192	2408
1192	2644
1196	9
1196	73
1197	0
1198	229
1198	1220
1200	274
1200	1538
1200	1556
1201	64
1201	516
1201	3088
1204	1104
1205	778
1206	66
1208	901
1208	1952
1208	2448
1209	330
1209	810
1209	3200
1211	2178
1212	300
1213	3072
1216	362
1216	576
1216	642
1216	2230
1216	2644
1216	3233
1216	3330
1217	50
1217	384
1217	392
1218	3
1218	576
1218	1033
1218	2055
1219	2430
1219	3337
1219	3492
1220	20
1220	229
1220	646
1220	786
1220	2081
1221	0
1221	3120
1223	1048
1224	9
1224	86
1224	292
1224	322
1224	578
1224	1450
1224	1826
1224	2441
1224	3980
1225	18
1225	258
1225	521
1225	2793
1226	1121
1226	2249
1227	3072
1228	553
1228	3672
1230	1074
1230	1352
1230	2156
1231	932
1232	40
1232	290
1232	560
1232	965
1232	1100
1232	2096
1232	2493
1233	660
1233	1099
1233	1560
1233	2224
1233	2449
1233	2692
1234	2150
1234	3850
1236	576
1236	928
1237	1632
1237	2956
1240	2624
1240	2689
1241	3396
1242	1154
1243	137
1244	298
1248	18
1248	641
1248	921
1248	1172
1249	576
1250	1060
1250	1348
1250	2105
1250	2656
1253	1978
1253	2778
1254	560
1254	3396
1255	1538
1260	1032
1260	1472
1260	2564
1261	368
1261	513
1263	2050
1264	162
1264	1216
1266	2120
1268	1624
1269	900
1270	533
1270	1813
1273	2180
1279	2961
1280	1
1280	82
1280	238
1280	389
1280	562
1280	571
1280	896
1280	1026
1280	1056
1280	1165
1280	1318
1280	1478
1280	2209
1280	2304
1280	2699
1280	3337
1280	3378
1280	3714
1281	48
1281	88
1281	769
1281	1202
1281	1249
1281	2051
1281	2057
1281	2117
1281	2154
1281	2214
1281	2402
1281	2593
1281	3086
1281	3588
1282	1392
1282	1538
1283	651
1283	2316
1283	3654
1283	3660
1284	6
1284	84
1284	100
1284	105
1284	260
1284	1024
1284	1553
1284	2050
1284	2057
1284	2161
1284	3173
1285	2688
1285	3556
1286	75
1286	162
1286	170
1286	322
1286	1293
1286	2256
1286	2468
1287	2
1287	96
1287	392
1288	264
1288	577
1288	1184
1288	1610
1288	1696
1288	2103
1288	3264
1288	3273
1289	1604
1289	2632
1290	80
1290	101
1291	776
1291	1896
1292	84
1292	375
1292	557
1292	805
1292	3075
1292	3360
1292	3524
1293	770
1293	1608
1293	2275
1294	533
1296	13
1296	711
1296	1228
1296	2132
1296	2314
1296	3111
1297	66
1297	2080
1298	593
1298	648
1298	2583
1298	2598
1298	2816
1299	179
1299	2091
1300	43
1300	340
1300	598
1300	881
1300	2198
1301	61
1302	21
1302	2000
1304	2050
1304	2903
1304	2922
1304	3072
1305	3240
1306	324
1306	1272
1307	130
1307	1371
1307	3104
1308	2105
1310	3840
1312	128
1312	138
1312	715
1312	1153
1312	1570
1312	1800
1312	2072
1312	3090
1312	3095
1312	3241
1312	3680
1313	576
1313	2842
1313	3136
1313	3406
1314	1
1314	49
1314	534
1315	10
1316	546
1316	916
1316	2564
1317	286
1317	3413
1317	3585
1318	261
1319	405
1319	2317
1319	2480
1320	1953
1322	2052
1322	2688
1325	417
1326	0
1327	512
1328	112
1330	2972
1331	513
1332	16
1332	1730
1332	2304
1332	2306
1333	2257
1333	3685
1334	2229
1337	92
1340	1181
1340	3332
1341	1552
1342	2336
1343	580
1343	2132
1343	2305
1343	2577
1344	262
1344	880
1344	1072
1344	1345
1344	2182
1344	2349
1344	2466
1345	2073
1345	2801
1346	1377
1346	2178
1346	3806
1347	178
1347	192
1347	2189
1348	1569
1349	88
1349	2209
1350	2377
1350	2720
1352	145
1352	448
1352	779
1352	1858
1352	2335
1354	2140
1356	1152
1356	2567
1357	2217
1358	684
1358	2214
1360	1556
1360	2058
1360	2850
1361	772
1362	203
1362	1386
1363	594
1364	1739
1368	2257
1368	3715
1369	452
1370	1568
1370	2147
1372	80
1376	20
1376	383
1376	1032
1376	1152
1376	2630
1376	3881
1376	3947
1377	2964
1378	520
1378	1295
1379	1761
1379	2817
1380	2866
1381	1368
1384	164
1384	2386
1389	1044
1392	516
1392	1084
1393	2314
1394	631
1394	1578
1394	2067
1394	2174
1394	2393
1396	3141
1398	64
1398	794
1403	1091
1408	379
1408	516
1408	531
1408	788
1408	851
1408	1614
1408	3333
1408	3712
1408	3718
1409	538
1409	2178
1409	2583
1410	83
1410	256
1410	1984
1410	2984
1411	21
1411	515
1412	96
1412	768
1412	808
1412	2820
1412	3186
1413	1164
1413	3742
1415	1
1415	3599
1416	179
1416	258
1416	566
1416	1224
1416	1424
1416	2708
1416	3216
1417	3
1417	1040
1417	1712
1417	2386
1418	34
1418	512
1419	1796
1420	232
1420	3712
1421	2066
1422	53
1422	1952
1423	1680
1424	611
1424	1263
1424	2146
1424	3202
1425	281
1425	2705
1426	160
1426	955
1426	1038
1426	1139
1427	288
1427	1664
1428	297
1429	200
1430	2184
1430	3372
1431	1120
1432	1802
1434	1482
1436	3120
1438	1583
1438	2708
1440	316
1440	586
1440	1040
1440	1665
1440	1808
1440	2050
1440	2604
1440	3885
1441	562
1441	2982
1442	1088
1442	1162
1442	3008
1443	1096
1444	50
1444	176
1444	632
1444	2065
1444	2309
1445	260
1445	557
1446	1067
1450	70
1450	2850
1452	256
1452	929
1452	1864
1452	2305
1454	548
1455	18
1456	1091
1456	2070
1458	1696
1460	576
1460	2410
1471	2306
1472	28
1472	129
1472	668
1472	712
1472	1348
1473	1580
1475	304
1475	2288
1476	83
1476	262
1476	1124
1476	3766
1477	554
1478	1650
1480	16
1480	65
1480	178
1481	92
1484	3097
1486	1049
1495	1316
1496	696
1496	1348
1496	1372
1498	137
1499	299
1504	138
1504	802
1504	3017
1505	1299
1505	1345
1505	1425
1506	410
1506	1465
1506	3089
1512	1051
1519	514
1522	676
1522	2597
1525	3
1527	2176
1528	2125
1531	56
1532	2386
1533	2205
1536	9
1536	20
1536	72
1536	86
1536	112
1536	150
1536	164
1536	548
1536	604
1536	772
1536	1408
1536	1984
1536	2306
1536	2630
1537	273
1537	371
1537	1221
1537	1872
1537	1988
1537	2048
1537	2112
1537	2182
1537	3427
1537	3700
1538	236
1538	391
1538	772
1538	1232
1538	2114
1538	3108
1538	3393
1539	1042
1539	3014
1539	3412
1539	3872
1540	49
1540	320
1540	460
1540	688
1540	1297
1540	2048
1540	2368
1540	2640
1540	3146
1540	3202
1540	3850
1541	320
1541	1827
1541	2052
1542	1101
1542	2092
1543	2056
1543	3205
1544	229
1544	1114
1544	1282
1544	2259
1544	2625
1544	2858
1544	3347
1544	3687
1545	19
1545	612
1547	130
1548	11
1548	34
1548	47
1548	1146
1548	3905
1549	129
1549	561
1549	2318
1550	1672
1551	448
1551	529
1551	905
1552	29
1552	514
1552	645
1552	679
1552	737
1552	2048
1552	2971
1552	3472
1553	8
1553	1582
1553	2740
1553	3330
1554	708
1554	1233
1555	144
1555	739
1555	1031
1556	932
1557	1585
1557	2306
1558	0
1558	3204
1559	1536
1560	6
1560	2114
1560	3106
1562	40
1562	1480
1562	2572
1565	2682
1566	576
1567	1923
1567	2577
1568	47
1568	152
1568	426
1568	609
1568	2316
1568	3138
1568	3180
1568	3340
1569	4
1569	35
1569	864
1569	3072
1569	3168
1569	3394
1570	673
1570	2098
1570	2119
1571	292
1572	42
1572	264
1572	272
1572	528
1572	1176
1573	45
1573	72
1573	1584
1574	68
1574	585
1574	1154
1574	2183
1574	2193
1575	3850
1576	1666
1576	1816
1576	2154
1577	24
1577	1140
1578	2051
1578	3776
1579	254
1580	739
1580	802
1580	2070
1582	0
1582	1108
1582	2058
1584	224
1584	3494
1585	13
1585	64
1585	728
1586	2
1586	77
1586	1793
1587	663
1587	2952
1588	137
1588	642
1588	1218
1588	2344
1588	4016
1589	1032
1589	3072
1590	8
1590	738
1590	1240
1591	1689
1592	2437
1593	64
1593	1536
1593	3887
1594	670
1600	140
1600	514
1600	896
1600	941
1600	962
1600	2056
1600	2376
1600	2452
1600	3264
1600	3643
1601	291
1601	2657
1602	101
1602	312
1602	704
1602	2243
1602	2344
1602	3088
1602	4032
1603	130
1603	599
1604	112
1604	3138
1606	80
1606	1026
1607	2097
1607	2858
1607	3154
1608	89
1608	810
1609	706
1609	1360
1609	3632
1610	131
1610	1473
1610	3258
1611	0
1611	24
1612	810
1613	3073
1614	523
1614	1236
1615	864
1617	128
1617	2444
1618	282
1618	1421
1621	2443
1622	1605
1625	752
1632	224
1632	364
1632	1033
1632	1640
1632	2138
1632	2706
1633	2592
1634	358
1634	1473
1634	2182
1635	1545
1635	3100
1636	1282
1636	1764
1636	2119
1637	1153
1640	129
1640	682
1640	1280
1641	480
1641	558
1642	784
1646	1465
1646	2817
1647	64
1649	2649
1650	618
1652	960
1654	544
1656	44
1656	1350
1658	1061
1664	1036
1664	1608
1664	1676
1664	2306
1664	2480
1664	3120
1664	3345
1665	282
1665	927
1665	1041
1665	2314
1665	3130
1665	3336
1666	3137
1666	3185
1667	585
1667	3490
1668	18
1668	2504
1669	1840
1669	2439
1672	1
1672	3
1672	72
1672	126
1672	2176
1672	3344
1673	440
1673	1057
1673	2424
1674	129
1676	2
1676	653
1677	2672
1678	2066
1680	450
1680	530
1680	835
1680	1556
1680	2568
1680	2919
1681	65
1685	1136
1686	2672
1688	332
1688	1545
1688	2512
1689	390
1690	844
1690	1412
1691	2720
1696	555
1698	336
1698	2368
1698	3074
1700	552
1700	1560
1701	577
1701	692
1702	64
1703	1617
1704	9
1704	560
1704	739
1704	1104
1707	65
1711	7
1711	4004
1712	197
1712	2122
1714	3201
1716	1064
1716	3648
1717	1554
1721	388
1722	2306
1723	294
1728	112
1728	414
1728	1092
1728	1952
1728	2064
1728	2405
1730	1536
1731	516
1733	1926
1734	1542
1736	2088
1737	3856
1740	1765
1740	1792
1742	2274
1743	516
1746	1089
1752	2057
1752	2184
1752	2577
1756	1282
1761	1874
1762	913
1764	525
1768	1802
1769	1060
1769	1755
1769	2636
1770	2020
1788	257
1788	1548
1792	25
1792	34
1792	60
1792	451
1792	834
1792	1214
1792	2464
1793	455
1793	514
1793	1605
1793	2103
1793	2509
1794	10
1794	16
1794	404
1794	662
1794	2304
1795	456
1795	788
1795	2076
1795	2189
1795	2304
1795	3716
1796	66
1796	194
1796	2624
1796	3745
1797	676
1798	9
1798	72
1798	555
1798	1073
1798	3209
1798	3810
1800	206
1800	1541
1800	1562
1800	1952
1800	2086
1801	13
1802	2438
1804	210
1805	1038
1805	3456
1806	282
1808	39
1808	256
1808	584
1808	2640
1808	2721
1809	5
1809	64
1809	140
1809	698
1809	1015
1809	1186
1809	1936
1809	2052
1810	310
1810	1054
1810	2048
1811	768
1811	2689
1812	1570
1812	2450
1812	3940
1813	2373
1814	1345
1814	3853
1815	2740
1816	1955
1816	2325
1817	2949
1820	2436
1821	712
1821	2088
1823	2370
1824	351
1824	1268
1824	1644
1824	2055
1824	2060
1825	1029
1826	144
1826	512
1826	801
1826	1074
1828	535
1828	3585
1829	2130
1829	2724
1830	1164
1832	2240
1832	3008
1833	1977
1834	2432
1835	1029
1836	2065
1840	408
1840	1864
1841	322
1841	357
1841	1060
1841	1186
1842	2466
1843	450
1844	1284
1846	814
1848	1219
1848	2068
1856	518
1856	1296
1857	2104
1860	144
1860	1920
1860	2178
1860	2465
1861	3669
1864	2561
1864	3080
1865	304
1865	1303
1872	1069
1872	1738
1873	3220
1874	130
1880	72
1885	2576
1888	130
1888	2561
1890	1625
1891	1538
1892	1432
1898	162
1898	3332
1899	641
1900	1574
1904	657
1908	512
1908	659
1910	2880
1920	1056
1920	1123
1920	2601
1920	2612
1920	3505
1921	133
1921	252
1923	1538
1924	102
1924	602
1924	1593
1925	592
1925	1828
1926	2325
1927	3109
1928	555
1929	32
1929	209
1929	2336
1929	3995
1936	588
1936	2063
1937	272
1942	368
1948	1034
1952	2201
1953	407
1953	1163
1954	1024
1954	1417
1954	2109
1956	386
1956	3081
1956	3484
1960	1288
1970	1025
1972	1114
1972	3041
1975	20
1976	224
1977	1415
1980	1024
1984	2
1984	89
1984	625
1984	1029
1984	1409
1984	2817
1985	787
1985	2693
1989	3298
1992	1187
1994	1042
2000	1379
2001	1074
2001	2496
2002	564
2003	1039
2008	33
2008	100
2012	2056
2015	260
2016	2049
2018	2320
2022	10
2023	2180
2024	57
2045	41
2045	518
2045	2608
2048	2
2048	16
2048	30
2048	96
2048	130
2048	145
2048	216
2048	337
2048	356
2048	415
2048	482
2048	682
2048	713
2048	742
2048	897
2048	1034
2048	1088
2048	1132
2048	1313
2048	1476
2048	1588
2048	1820
2048	1856
2048	1889
2048	1900
2048	1916
2048	2056
2048	2081
2048	2113
2048	2368
2048	2664
2048	2685
2048	2688
2048	2770
2048	3072
2048	3344
2048	3382
2048	3850
2049	2
2049	96
2049	144
2049	160
2049	183
2049	281
2049	641
2049	1039
2049	1290
2049	1305
2049	2076
2049	2113
2049	2339
2049	2560
2049	2593
2050	1
2050	22
2050	145
2050	292
2050	384
2050	404
2050	549
2050	1100
2050	1364
2050	1410
2050	1465
2050	2186
2050	2624
2050	2733
2050	2912
2050	3408
2050	3724
2050	3968
2051	384
2051	513
2051	535
2051	597
2051	1041
2051	1280
2051	1942
2051	2821
2051	3008
2052	46
2052	72
2052	134
2052	229
2052	328
2052	482
2052	576
2052	592
2052	716
2052	1128
2052	1558
2052	1672
2052	1840
2052	2053
2052	2084
2052	2114
2052	2416
2052	3072
2052	3136
2052	3841
2053	2
2053	224
2053	333
2053	516
2053	548
2053	1024
2053	1568
2053	2332
2054	154
2054	173
2054	176
2054	304
2054	1076
2054	1096
2054	1243
2054	1673
2054	1737
2054	1925
2054	2055
2054	2612
2054	3010
2054	3392
2055	13
2055	385
2055	836
2055	2496
2055	2626
2055	3080
2055	3111
2056	136
2056	207
2056	385
2056	583
2056	807
2056	930
2056	1064
2056	1160
2056	1264
2056	1306
2056	1836
2056	2048
2056	2065
2056	2088
2056	2100
2056	2180
2056	2336
2056	2437
2056	2560
2056	2627
2056	3178
2056	3273
2056	3925
2057	2
2057	370
2057	517
2057	577
2057	1572
2057	2078
2057	2178
2057	2464
2057	2578
2057	2592
2057	4036
2058	160
2058	163
2058	201
2058	269
2058	880
2058	2077
2058	2600
2058	3520
2059	391
2059	521
2059	1286
2059	1685
2059	2318
2059	2688
2059	3126
2059	3392
2059	3842
2060	19
2060	1046
2060	1317
2060	1717
2060	1776
2060	1960
2060	3952
2061	38
2061	96
2061	131
2061	385
2061	1095
2061	2119
2061	2181
2062	636
2062	644
2062	1184
2064	0
2064	9
2064	28
2064	147
2064	165
2064	530
2064	903
2064	949
2064	1049
2064	1056
2064	1108
2064	2560
2064	2677
2064	3102
2064	3120
2065	5
2065	1090
2065	1181
2065	1401
2065	2154
2065	2584
2065	3074
2065	3458
2066	385
2066	976
2066	1026
2066	1032
2066	1036
2066	1571
2066	2076
2066	2689
2066	3520
2066	3666
2067	168
2067	258
2067	513
2068	169
2068	196
2068	278
2068	584
2068	790
2068	821
2068	1156
2068	2179
2068	2415
2068	2606
2068	3152
2069	267
2069	321
2069	768
2069	2624
2070	1804
2070	2728
2071	1025
2071	1190
2072	7
2072	41
2072	280
2072	608
2072	1155
2072	1664
2072	2817
2072	3174
2073	1205
2073	3732
2073	3816
2074	0
2074	141
2074	1292
2074	3417
2075	2552
2076	289
2076	569
2076	2068
2076	3466
2077	1043
2080	64
2080	521
2080	528
2080	541
2080	571
2080	642
2080	646
2080	648
2080	1010
2080	1072
2080	1146
2080	1314
2080	1466
2080	2140
2080	2172
2080	2310
2080	2312
2080	2394
2080	2561
2080	3620
2080	3994
2081	16
2081	647
2081	1422
2081	1568
2081	2561
2081	3129
2082	5
2082	8
2082	274
2082	309
2082	1297
2082	1669
2082	2632
2082	2870
2082	2885
2083	413
2084	1
2084	453
2084	548
2084	584
2084	2064
2084	2184
2084	2217
2084	2873
2084	3737
2085	12
2085	137
2085	1688
2085	2636
2087	72
2087	2099
2087	3073
2088	6
2088	133
2088	581
2088	656
2088	1066
2088	1184
2088	1616
2088	2094
2089	209
2089	1624
2089	2025
2089	2056
2089	3487
2089	3840
2090	1572
2090	2056
2091	1072
2091	3081
2092	218
2092	309
2092	1024
2092	1344
2092	1921
2093	5
2093	537
2095	257
2095	768
2096	560
2096	1030
2096	1217
2096	1445
2096	1792
2096	2061
2096	2074
2096	2083
2096	2613
2097	1025
2098	33
2098	332
2098	1216
2098	2209
2099	260
2100	576
2100	1100
2100	3073
2100	3272
2101	74
2101	2864
2102	3088
2103	2111
2103	3560
2104	41
2104	770
2104	3362
2104	3418
2104	3931
2105	2056
2105	3152
2106	1977
2107	272
2108	344
2108	2723
2109	38
2109	40
2110	1299
2110	2440
2110	3704
2112	33
2112	85
2112	216
2112	284
2112	773
2112	777
2112	1574
2112	2305
2113	33
2113	36
2113	68
2113	82
2113	321
2113	668
2113	1146
2113	1762
2113	1782
2113	1904
2114	193
2114	303
2114	333
2114	390
2114	520
2114	593
2114	1038
2114	2150
2114	2560
2114	2832
2114	2978
2115	650
2115	834
2115	1064
2115	1120
2115	2060
2115	2065
2116	16
2116	194
2116	225
2116	551
2116	654
2116	768
2116	1024
2116	1176
2116	1538
2116	2592
2117	544
2117	1392
2117	1574
2117	2880
2117	3340
2118	336
2118	546
2118	768
2118	1296
2119	616
2119	2633
2119	3733
2120	57
2120	110
2120	785
2120	916
2120	1168
2120	1170
2120	2073
2120	2180
2120	2440
2120	2593
2120	3048
2120	3072
2121	148
2121	168
2121	1168
2122	482
2122	778
2122	3268
2124	528
2124	874
2124	2732
2126	522
2126	612
2126	736
2127	3720
2128	140
2128	482
2128	644
2128	1033
2128	1052
2128	1172
2128	1507
2128	2117
2128	2835
2128	2881
2129	528
2129	588
2129	1032
2129	3331
2130	69
2130	84
2130	387
2130	1119
2130	3311
2132	0
2132	36
2132	108
2132	807
2132	3012
2132	3586
2133	26
2133	1840
2133	2281
2134	136
2134	384
2134	774
2134	1152
2134	1281
2134	2420
2135	1595
2136	1
2136	68
2137	71
2137	1165
2138	1347
2138	2102
2138	2242
2139	352
2140	88
2140	131
2140	133
2140	3598
2141	3072
2143	36
2144	0
2144	34
2144	64
2144	135
2144	337
2144	342
2144	546
2144	625
2144	1056
2144	1440
2144	1560
2144	1580
2144	2195
2144	2432
2144	3073
2144	3082
2144	3838
2145	544
2145	1303
2145	1427
2146	88
2146	265
2146	512
2146	2345
2146	3618
2147	3
2147	5
2147	2067
2148	274
2148	2256
2148	3080
2149	22
2149	2272
2150	4
2150	577
2152	179
2152	808
2152	1156
2152	1281
2153	782
2153	1038
2153	2184
2154	2641
2155	880
2155	1100
2160	1092
2160	2378
2161	193
2163	1283
2164	305
2164	2155
2164	2508
2166	2082
2167	2068
2168	2311
2168	3584
2169	2096
2171	644
2171	844
2172	583
2176	34
2176	112
2176	397
2176	514
2176	562
2176	1595
2176	1672
2176	2088
2176	2180
2176	2312
2176	2332
2176	2473
2176	2704
2177	460
2177	536
2177	550
2177	840
2177	2223
2178	1
2178	512
2178	549
2178	624
2178	1636
2178	1665
2178	2062
2178	3268
2179	96
2179	816
2180	0
2180	6
2180	170
2180	652
2180	1032
2180	1328
2180	1502
2180	2585
2180	3723
2181	48
2181	2696
2181	3425
2182	547
2182	1156
2182	1736
2182	3361
2183	327
2184	250
2184	317
2184	320
2184	352
2184	559
2184	1048
2184	2088
2184	2722
2184	3368
2185	0
2185	150
2185	679
2185	1035
2185	1363
2185	1646
2185	3488
2185	3872
2186	33
2186	492
2186	524
2186	966
2186	1056
2186	2082
2186	2301
2187	3171
2188	128
2188	176
2188	263
2188	548
2188	2230
2188	2317
2188	2609
2189	6
2189	9
2189	2048
2190	3616
2191	541
2191	1038
2192	3
2192	4
2192	128
2192	280
2192	473
2192	784
2192	921
2192	966
2192	1102
2192	1682
2192	2743
2192	3072
2192	3076
2193	418
2194	230
2194	1250
2194	2498
2194	2572
2194	3930
2195	40
2195	1025
2196	4
2196	418
2196	2329
2196	2724
2197	49
2197	361
2197	3650
2199	64
2199	2340
2199	3588
2200	23
2200	40
2200	192
2200	1178
2200	1985
2200	2244
2201	112
2201	1570
2202	1049
2203	2720
2203	2862
2204	312
2206	344
2206	3471
2208	64
2208	167
2208	512
2208	1024
2208	1110
2208	1596
2208	2242
2209	157
2209	177
2209	578
2209	1153
2210	577
2210	1600
2210	2068
2210	2562
2210	2567
2212	256
2212	1095
2212	1365
2212	2494
2213	274
2213	1265
2214	1072
2216	256
2216	329
2216	1301
2216	3840
2217	1045
2217	1057
2217	1598
2218	231
2219	451
2220	1730
2220	2584
2223	1676
2224	393
2224	1864
2224	3216
2225	5
2225	2693
2226	1875
2226	3073
2227	1701
2228	3912
2229	565
2230	1024
2231	112
2231	1842
2232	268
2232	2406
2232	3478
2233	386
2233	2077
2234	1
2234	2077
2234	3593
2235	521
2236	1090
2238	436
2238	527
2239	686
2240	36
2240	2704
2241	286
2241	1160
2241	1353
2242	4
2242	49
2242	280
2242	325
2242	1105
2244	97
2244	1037
2244	2816
2245	2048
2245	2516
2246	1296
2246	2112
2248	224
2248	534
2248	1632
2248	2050
2248	3348
2249	268
2249	329
2249	461
2249	547
2249	1044
2252	170
2252	3414
2253	417
2254	133
2254	1720
2256	194
2256	1920
2256	2116
2257	1056
2257	3713
2260	1280
2264	16
2264	56
2264	1276
2265	333
2265	3574
2266	286
2266	1082
2268	388
2268	516
2268	2401
2272	1201
2272	1283
2272	2661
2273	2448
2275	194
2277	56
2277	3984
2278	962
2278	1536
2278	2432
2279	1944
2280	576
2280	2969
2281	564
2281	1608
2282	212
2282	905
2282	1434
2284	1537
2285	640
2285	2064
2288	549
2288	2210
2289	274
2289	641
2289	648
2289	1062
2289	2179
2296	291
2297	1050
2298	151
2299	3072
2304	18
2304	97
2304	120
2304	161
2304	204
2304	256
2304	378
2304	457
2304	1171
2304	1187
2304	2153
2304	2212
2304	3078
2304	3200
2305	51
2305	644
2305	832
2305	996
2305	1084
2305	1549
2305	2155
2305	2988
2305	3464
2306	132
2306	1450
2306	2818
2306	3094
2307	37
2307	66
2307	132
2307	259
2307	772
2307	1232
2307	1732
2307	2084
2307	2306
2307	2596
2308	321
2308	1411
2308	2200
2308	2408
2308	3457
2308	3840
2309	66
2309	248
2309	530
2309	2785
2309	2818
2309	3240
2310	1248
2310	1552
2310	2240
2311	50
2311	104
2311	2089
2311	2101
2312	57
2312	65
2312	290
2312	696
2312	1121
2312	2352
2312	2451
2312	2569
2312	3200
2313	292
2313	297
2313	1028
2313	1072
2313	2066
2314	684
2314	3201
2315	2592
2316	26
2316	301
2316	321
2316	1450
2316	2188
2317	576
2318	2136
2319	81
2319	2371
2320	8
2320	24
2320	44
2320	58
2320	130
2320	321
2320	794
2320	1136
2320	1205
2320	2260
2320	2368
2321	930
2321	1098
2322	649
2322	2184
2324	65
2324	1561
2324	2149
2324	3651
2325	532
2326	984
2328	2347
2328	2506
2328	3097
2329	5
2329	613
2329	1159
2329	1924
2330	131
2330	1106
2330	1266
2330	1657
2332	2368
2333	3472
2334	260
2335	2888
2336	265
2336	528
2336	679
2336	2368
2336	3660
2336	3762
2337	128
2337	546
2337	2240
2337	2416
2338	1024
2338	1265
2338	1587
2338	2312
2339	84
2339	449
2340	18
2340	1667
2340	2725
2340	3712
2341	291
2341	2592
2342	1178
2344	257
2344	1189
2344	1536
2345	1440
2346	32
2346	2054
2347	44
2352	1282
2352	2193
2352	2418
2353	2186
2353	3153
2354	512
2354	2178
2357	42
2357	635
2357	3201
2357	3760
2358	97
2358	721
2359	2624
2360	0
2360	34
2363	1152
2364	1156
2365	1281
2368	144
2368	1932
2368	2101
2368	2248
2368	2960
2369	64
2369	260
2369	1700
2369	2413
2369	2854
2370	2352
2371	38
2371	331
2371	4043
2372	64
2372	129
2372	133
2372	544
2372	2178
2372	2568
2372	3355
2373	2178
2373	3089
2375	288
2376	272
2376	1346
2376	1617
2376	2242
2377	2209
2378	9
2378	1577
2379	50
2379	2864
2380	832
2384	150
2385	1090
2386	308
2386	438
2386	2385
2391	1929
2392	1055
2393	1572
2394	52
2394	239
2394	3472
2396	1644
2396	3165
2397	1290
2398	3653
2400	82
2400	528
2400	691
2400	777
2400	1472
2400	2498
2401	21
2401	1288
2401	2056
2402	2120
2402	2202
2403	1056
2404	608
2404	2136
2405	785
2405	1281
2406	3728
2408	390
2408	772
2408	3620
2409	1232
2409	2336
2410	1320
2416	3428
2420	258
2424	2188
2425	264
2432	1089
2432	1104
2432	1292
2432	2059
2433	138
2433	1290
2433	2052
2434	1568
2434	1729
2434	1796
2434	3112
2435	3342
2436	2066
2436	2314
2436	3776
2437	1024
2437	2072
2440	256
2440	640
2440	3328
2440	3458
2440	3783
2442	305
2442	512
2444	436
2444	529
2446	67
2446	1041
2448	1544
2448	2080
2449	88
2449	2752
2449	3784
2450	2060
2451	216
2453	25
2454	2897
2456	26
2457	1552
2458	3618
2460	450
2460	2680
2461	1026
2464	314
2464	449
2464	809
2464	1033
2464	1664
2464	1666
2466	594
2466	1866
2467	1050
2467	1587
2467	2145
2467	3457
2468	20
2468	77
2468	1072
2468	1100
2469	2688
2470	368
2470	2353
2472	1536
2473	880
2476	399
2480	16
2480	1026
2480	2732
2481	1288
2483	320
2490	44
2490	256
2496	204
2496	2072
2496	2617
2497	10
2497	579
2497	2337
2497	3488
2498	16
2498	72
2498	154
2498	2324
2499	587
2499	834
2499	2962
2499	3250
2500	36
2501	2464
2501	3068
2502	1281
2502	2058
2503	32
2503	2820
2504	2398
2504	2840
2505	1540
2506	34
2509	1605
2510	364
2510	2084
2513	2118
2514	2084
2514	2832
2515	2078
2518	548
2520	2048
2522	748
2523	2207
2525	513
2527	821
2528	376
2529	1192
2531	1860
2531	2268
2532	1110
2535	2432
2536	1420
2540	520
2544	66
2545	2048
2545	2209
2548	1606
2552	2253
2553	256
2553	405
2560	10
2560	271
2560	280
2560	286
2560	804
2560	927
2560	970
2560	1089
2560	1104
2560	2085
2560	2625
2560	3648
2561	80
2561	249
2561	512
2561	582
2561	654
2561	690
2561	1044
2561	1419
2561	1507
2561	3842
2562	23
2562	164
2562	349
2562	391
2562	516
2562	729
2562	808
2563	961
2563	1026
2563	1730
2563	3358
2563	3919
2564	336
2564	560
2564	849
2564	1058
2564	2666
2564	2858
2564	3536
2565	120
2565	682
2565	801
2565	1786
2565	2071
2565	2626
2565	3264
2566	536
2566	2116
2567	2153
2567	3481
2568	16
2568	104
2568	262
2568	296
2568	542
2568	560
2568	680
2568	1378
2568	1936
2568	2498
2568	3075
2569	136
2569	1077
2569	1122
2569	2480
2569	3686
2570	34
2570	132
2570	1028
2570	1195
2570	2562
2570	3190
2571	169
2571	1041
2571	1046
2571	1140
2571	1922
2572	0
2572	256
2572	1305
2572	1666
2574	173
2575	196
2575	2193
2576	14
2576	68
2576	70
2576	1352
2576	2112
2576	2330
2577	144
2577	257
2577	648
2577	1284
2578	322
2578	434
2578	838
2578	1826
2578	2823
2579	3
2579	432
2580	9
2580	2796
2581	208
2583	1563
2584	266
2584	389
2584	541
2584	2902
2584	3236
2584	3332
2584	3544
2585	565
2585	3637
2585	4043
2586	44
2586	256
2586	515
2586	772
2588	337
2588	512
2588	680
2588	928
2588	1216
2590	139
2591	481
2592	240
2592	593
2592	1282
2592	1376
2592	1393
2592	2562
2592	2792
2593	21
2593	924
2593	1335
2593	2146
2593	2818
2593	4011
2594	44
2594	1063
2595	184
2595	1140
2596	12
2596	69
2596	192
2596	769
2596	1073
2596	2192
2597	32
2597	672
2598	19
2598	1274
2598	2308
2598	2754
2600	1
2600	237
2600	1571
2600	2624
2601	16
2601	345
2601	2377
2602	20
2602	1217
2604	8
2604	329
2605	2033
2606	205
2606	1299
2608	400
2608	968
2608	2070
2608	2540
2608	2660
2609	1024
2609	1168
2611	1793
2612	65
2612	561
2612	1805
2613	1026
2613	3873
2614	3146
2616	1282
2616	3491
2616	3844
2618	512
2618	2136
2620	276
2624	336
2624	1105
2624	1217
2624	1740
2625	2
2625	136
2625	386
2625	561
2625	1100
2625	2064
2628	264
2628	296
2628	808
2628	1291
2629	1070
2630	1795
2630	2242
2632	1283
2632	3976
2633	1088
2633	2096
2635	2561
2636	3738
2638	353
2638	449
2639	1038
2640	9
2640	88
2640	92
2640	1666
2640	2113
2640	2123
2640	3720
2641	130
2642	168
2642	1024
2643	183
2644	138
2644	3232
2646	560
2646	3584
2648	2048
2648	2576
2648	2741
2648	3315
2649	64
2650	185
2652	32
2655	1168
2656	208
2656	1180
2656	1236
2656	2418
2656	4000
2656	4051
2657	2593
2658	1139
2659	776
2660	104
2660	2277
2660	3335
2660	3585
2661	3072
2662	2052
2664	1897
2665	2089
2667	2208
2667	3016
2668	414
2668	3121
2672	1248
2672	1348
2672	2219
2672	2562
2674	2376
2675	3381
2676	704
2680	808
2684	2112
2688	128
2688	302
2688	444
2688	655
2688	661
2688	663
2688	1108
2688	1361
2688	1760
2688	3352
2689	896
2689	2048
2689	2082
2690	47
2690	1112
2690	1536
2690	3796
2691	1196
2691	2568
2692	386
2692	788
2692	2065
2692	2181
2692	3860
2693	432
2693	1121
2693	1779
2693	2062
2693	2198
2694	95
2694	1284
2694	1446
2695	2464
2695	2890
2696	12
2696	66
2696	1620
2696	2121
2696	3265
2697	8
2697	1109
2697	1688
2697	2083
2700	1060
2700	2127
2700	3323
2700	3847
2701	773
2701	2248
2701	2593
2704	66
2704	308
2704	357
2704	2064
2704	3240
2705	1990
2705	2570
2706	416
2706	769
2706	1536
2707	1837
2708	1
2709	40
2709	128
2710	2063
2711	1700
2712	515
2712	2048
2712	2306
2713	706
2713	2610
2716	2591
2716	3036
2720	4
2720	36
2720	1088
2720	1144
2720	1152
2720	3330
2721	2435
2722	64
2722	788
2722	1174
2723	1452
2724	72
2724	74
2724	78
2724	521
2725	112
2726	274
2728	68
2728	2080
2729	448
2730	39
2732	120
2732	1224
2736	2470
2736	3148
2740	2576
2744	65
2744	1154
2745	728
2745	1049
2746	1306
2752	48
2752	66
2752	274
2752	1060
2752	1181
2752	2049
2752	2817
2752	3458
2753	1283
2754	329
2754	1103
2754	2252
2757	2560
2760	96
2760	512
2760	2049
2760	3457
2761	2660
2768	392
2769	276
2770	132
2770	2852
2772	2912
2773	32
2774	642
2776	101
2777	73
2781	2114
2786	2691
2790	517
2790	2733
2791	2311
2796	521
2796	3072
2799	1798
2800	2563
2804	256
2816	78
2816	450
2816	642
2816	654
2816	712
2816	1544
2816	2113
2816	2192
2816	2276
2816	3905
2817	534
2817	1792
2817	3456
2818	3
2818	258
2818	259
2818	272
2818	1989
2818	3484
2819	16
2819	69
2820	268
2820	2136
2820	2713
2820	3074
2821	204
2821	384
2821	1441
2822	3172
2824	10
2824	837
2824	2264
2825	1216
2825	2078
2826	16
2826	208
2826	522
2826	1044
2827	2628
2828	536
2828	792
2828	2223
2829	421
2829	1664
2830	1032
2830	2276
2831	2852
2832	288
2832	444
2833	652
2833	2050
2834	0
2834	52
2834	512
2834	1033
2834	1821
2834	1824
2835	2109
2835	2135
2835	2182
2835	3930
2837	32
2837	1605
2838	261
2838	1668
2839	304
2840	165
2840	1552
2840	1676
2842	38
2842	1092
2842	1614
2844	589
2848	200
2848	656
2848	1328
2850	384
2851	544
2852	28
2852	2731
2853	9
2854	960
2854	2630
2855	1089
2856	22
2856	1344
2858	145
2859	2561
2860	2080
2860	2766
2861	416
2864	5
2864	770
2864	2114
2869	770
2870	3608
2871	746
2872	260
2872	3204
2873	8
2874	676
2880	592
2880	768
2880	2329
2880	2426
2880	2560
2882	231
2882	1170
2884	9
2888	130
2888	2833
2889	1216
2889	3140
2890	856
2891	400
2892	560
2892	1208
2894	2733
2896	50
2896	1078
2897	338
2900	105
2902	48
2902	1200
2904	642
2907	2384
2908	1288
2911	26
2912	1097
2912	1441
2912	2326
2912	3394
2913	112
2914	1539
2914	1792
2918	1556
2921	2352
2928	1474
2928	3696
2929	3384
2930	1
2932	64
2932	1140
2936	768
2944	824
2944	928
2944	1155
2945	631
2945	970
2945	1091
2947	708
2947	1568
2948	81
2948	1220
2948	1225
2948	1281
2952	3840
2953	274
2954	64
2956	236
2957	9
2957	1043
2960	1248
2961	37
2962	1296
2964	445
2967	936
2970	58
2972	1
2972	2090
2976	68
2976	642
2976	3105
2978	258
2978	3370
2981	648
2994	1544
2998	1862
2999	2648
3008	2608
3009	2346
3010	322
3010	864
3011	320
3012	133
3016	322
3021	272
3028	284
3028	352
3032	1034
3032	1078
3040	3207
3041	24
3047	2052
3048	769
3056	1792
3056	2388
3064	2594
3072	9
3072	19
3072	34
3072	116
3072	290
3072	425
3072	464
3072	528
3072	549
3072	707
3072	780
3072	2053
3072	2148
3072	2240
3072	2337
3072	2519
3072	2836
3072	3074
3072	3094
3072	3106
3072	3203
3073	12
3073	274
3073	517
3073	579
3073	596
3073	711
3073	780
3073	1074
3073	2341
3073	2433
3073	3106
3074	9
3074	193
3074	242
3074	574
3074	800
3074	1094
3074	3335
3075	1024
3075	1171
3075	1793
3075	2400
3076	2
3076	10
3076	578
3076	1104
3076	1286
3077	1032
3077	1338
3077	2113
3077	2598
3077	3073
3078	45
3078	304
3078	2181
3078	3081
3078	3296
3078	3584
3080	1
3080	18
3080	242
3080	264
3080	517
3080	1059
3080	1088
3080	1800
3080	2208
3081	396
3081	1353
3081	1447
3081	2667
3082	297
3082	1569
3082	2840
3083	3328
3084	1027
3084	1352
3084	2498
3084	2572
3084	3146
3085	10
3085	2325
3086	196
3086	305
3086	2068
3087	2137
3088	67
3088	163
3088	1484
3088	1636
3089	1059
3089	1857
3089	2312
3089	2433
3090	392
3090	758
3090	779
3090	3018
3091	816
3092	32
3092	1062
3092	1252
3092	1762
3093	260
3094	134
3094	583
3094	3104
3094	3620
3095	2474
3096	147
3096	1024
3096	2326
3096	2565
3096	3246
3097	542
3097	2608
3098	2185
3098	3076
3099	577
3099	1058
3099	2739
3100	541
3100	665
3101	1171
3102	2357
3103	2090
3104	34
3104	249
3104	293
3104	1029
3104	1346
3104	1410
3104	2307
3104	3249
3105	312
3105	1027
3106	796
3106	2246
3107	258
3108	304
3108	1180
3108	1297
3108	2864
3109	3936
3110	1298
3110	2930
3111	476
3112	1964
3113	702
3113	1323
3113	2434
3113	3072
3114	34
3115	267
3115	844
3116	2358
3117	1176
3117	3172
3118	1616
3118	1834
3118	2752
3119	916
3120	52
3121	8
3121	190
3121	2952
3122	34
3122	2625
3123	3110
3124	72
3124	604
3125	324
3125	2064
3126	452
3126	772
3126	3110
3127	1056
3127	2470
3128	709
3128	1040
3129	2917
3130	5
3130	33
3130	2073
3132	167
3133	160
3136	129
3136	273
3136	333
3136	1205
3136	1320
3136	3594
3137	2
3137	1057
3137	2058
3137	2088
3137	2112
3137	2188
3138	33
3138	1720
3138	2608
3139	148
3140	72
3140	1095
3140	1544
3140	2063
3140	3105
3141	1942
3141	2112
3142	640
3142	2101
3143	86
3143	800
3143	1793
3144	769
3144	2256
3144	2818
3145	129
3145	546
3145	581
3145	1692
3145	2099
3145	2136
3146	38
3146	1843
3146	3093
3147	3818
3148	1548
3151	16
3151	1027
3151	2248
3152	386
3152	2050
3152	2281
3152	3181
3154	683
3154	768
3154	777
3154	1536
3155	0
3155	462
3156	5
3157	81
3158	97
3158	628
3160	1024
3160	3060
3162	355
3162	2696
3166	2677
3167	0
3168	518
3168	1736
3168	2176
3168	3074
3168	3207
3169	1064
3169	1934
3169	3956
3170	73
3170	714
3170	3363
3171	16
3172	2205
3174	528
3174	2147
3174	2575
3175	100
3175	3908
3176	1681
3176	2144
3176	2304
3176	3205
3176	3256
3177	514
3180	258
3180	1892
3180	2059
3182	24
3184	1156
3185	2104
3186	465
3187	1058
3189	320
3192	1348
3192	3933
3196	2320
3200	384
3200	388
3200	512
3200	1026
3200	1152
3201	586
3201	1043
3201	1765
3201	2600
3201	3167
3202	33
3202	194
3203	793
3203	3267
3204	36
3204	65
3205	204
3206	5
3206	147
3206	2146
3207	36
3208	2
3208	80
3208	2204
3209	0
3209	1220
3210	8
3210	780
3212	707
3212	2309
3214	421
3214	3281
3216	796
3216	839
3216	1191
3216	1607
3216	2114
3217	420
3217	2370
3217	3340
3220	118
3224	163
3224	872
3225	1162
3225	1456
3229	536
3232	1
3232	36
3232	480
3232	674
3232	2104
3232	3556
3233	1616
3233	1774
3233	2140
3233	2433
3234	1542
3235	1
3236	770
3236	1411
3237	158
3239	1674
3240	1461
3240	2563
3240	3214
3240	3912
3243	275
3248	1312
3248	2184
3249	2204
3250	580
3251	132
3252	192
3257	2052
3261	3076
3262	1028
3264	259
3265	882
3265	912
3266	1024
3267	1286
3267	3151
3268	1610
3269	535
3269	577
3269	1178
3270	584
3270	641
3270	2824
3271	519
3271	2692
3272	3596
3273	1056
3275	2071
3276	32
3276	2306
3277	97
3280	84
3280	1288
3281	1071
3282	2048
3284	8
3287	352
3288	1606
3289	2052
3291	2664
3296	262
3296	1559
3297	485
3299	642
3300	1584
3307	3417
3308	0
3308	16
3312	2050
3313	521
3313	782
3320	260
3320	800
3320	848
3328	52
3328	82
3328	96
3328	288
3328	294
3328	1053
3328	3125
3328	3202
3328	3421
3329	3336
3330	326
3330	1112
3330	1281
3330	1820
3331	5
3332	1686
3332	1746
3332	2833
3333	65
3333	3077
3334	97
3336	32
3336	260
3336	788
3336	2307
3336	2387
3336	2720
3337	1287
3338	154
3338	1032
3338	2783
3340	2349
3343	1092
3343	2564
3344	2571
3344	3346
3346	1088
3348	0
3348	35
3348	256
3348	2060
3348	2115
3349	2278
3349	2888
3350	115
3350	387
3350	2336
3350	2842
3352	2688
3352	3157
3357	612
3359	2146
3360	416
3360	512
3360	773
3360	816
3360	2443
3361	262
3361	3236
3362	13
3362	1321
3364	11
3364	2049
3364	2304
3366	1293
3367	586
3368	36
3368	129
3369	1089
3372	258
3375	2854
3376	2112
3378	2138
3379	9
3380	16
3380	2060
3382	1698
3384	546
3384	769
3386	123
3386	2585
3390	3464
3392	616
3392	1098
3393	140
3393	2056
3393	2726
3396	1292
3400	140
3400	2062
3400	2696
3400	3403
3401	1740
3402	3170
3404	2288
3405	3294
3408	3202
3408	3458
3409	2694
3410	32
3412	2691
3414	85
3414	832
3414	2240
3414	3874
3416	304
3416	2690
3417	1340
3420	684
3424	48
3424	568
3424	1040
3424	1562
3425	210
3426	56
3428	540
3428	713
3428	928
3428	2580
3429	1284
3436	64
3436	3571
3440	585
3440	2453
3449	1
3450	2183
3456	17
3456	50
3456	65
3456	115
3456	116
3456	1552
3456	2862
3457	33
3457	1352
3458	2178
3460	582
3460	826
3460	3122
3461	47
3461	1040
3462	557
3464	817
3464	3072
3465	880
3465	2566
3466	786
3467	133
3468	2052
3469	3120
3469	3142
3472	13
3473	1677
3473	3074
3477	1039
3477	2713
3478	64
3478	68
3478	2563
3480	2153
3480	2496
3486	129
3488	17
3488	644
3489	1792
3490	1086
3492	1172
3492	2720
3495	44
3495	1241
3500	0
3500	1288
3506	3510
3509	1384
3511	2055
3520	10
3520	3017
3521	2595
3522	1029
3529	16
3529	1067
3532	328
3534	560
3536	0
3536	2
3538	1
3538	2485
3541	1440
3544	166
3544	249
3552	59
3552	2072
3553	37
3558	2094
3562	20
3570	3082
3571	2120
3573	521
3575	3
3584	144
3584	1155
3584	2263
3584	2445
3584	3137
3584	3520
3585	106
3585	1024
3585	1070
3585	1106
3586	208
3586	314
3586	2317
3587	51
3587	354
3587	1856
3589	882
3589	1080
3590	152
3591	3614
3592	497
3592	864
3592	1027
3594	1412
3594	1604
3594	2154
3595	96
3595	2311
3595	3233
3596	7
3598	80
3598	384
3600	534
3600	2802
3601	665
3601	873
3601	1064
3602	536
3604	521
3604	1960
3604	2096
3604	3600
3608	672
3608	768
3608	2288
3609	2114
3610	604
3610	782
3611	59
3612	320
3613	132
3613	2186
3613	2817
3614	196
3614	833
3614	1216
3616	89
3616	136
3616	1569
3616	2565
3617	1795
3617	2642
3618	161
3618	1090
3619	2987
3620	904
3620	2568
3620	2602
3621	3072
3621	3624
3626	514
3626	529
3628	308
3632	640
3632	1116
3632	1710
3634	16
3634	1048
3636	84
3638	77
3640	960
3642	418
3648	12
3648	74
3648	2232
3648	3880
3649	513
3650	28
3650	582
3650	1294
3653	65
3655	2
3656	22
3656	223
3657	522
3657	800
3657	3169
3658	32
3659	2261
3660	3139
3660	3238
3664	2584
3666	568
3666	625
3672	2277
3673	2125
3675	870
3677	969
3681	282
3681	977
3681	2162
3682	767
3685	648
3688	2576
3688	4052
3690	3208
3698	522
3698	2177
3698	2242
3699	1060
3699	1320
3702	1473
3703	791
3712	404
3712	2136
3712	2784
3713	85
3713	288
3713	2168
3714	312
3714	1122
3715	326
3716	57
3716	1480
3716	2080
3716	3689
3717	2672
3718	324
3718	3472
3724	205
3724	1176
3725	116
3725	266
3728	529
3728	2158
3729	297
3729	484
3729	1588
3730	3333
3733	2436
3735	544
3736	2928
3744	2051
3744	2616
3744	2691
3745	395
3745	1680
3745	2563
3748	560
3756	37
3756	208
3758	1339
3761	5
3761	1568
3768	80
3768	391
3776	1052
3776	1062
3776	1585
3776	2573
3778	644
3782	2562
3783	1612
3784	3331
3785	3737
3787	1232
3791	201
3799	786
3800	2052
3801	1826
3804	3394
3808	112
3808	2893
3810	40
3811	129
3812	324
3813	256
3814	3203
3818	1028
3824	2
3832	1401
3840	256
3840	752
3840	1794
3840	2108
3840	2593
3841	1296
3841	2084
3841	3764
3843	305
3843	312
3844	416
3844	528
3844	786
3844	1067
3848	64
3848	524
3849	613
3850	264
3851	1185
3851	2213
3856	16
3856	1420
3856	3234
3857	1216
3857	1432
3858	147
3858	576
3858	2232
3859	160
3860	1368
3864	776
3864	3077
3865	2150
3867	517
3867	3144
3868	2080
3870	1582
3872	544
3872	947
3872	1108
3872	2101
3872	2347
3872	3970
3874	2067
3875	3632
3876	266
3876	272
3879	1528
3879	2080
3881	1536
3884	1570
3888	524
3894	2360
3896	289
3900	2306
3904	513
3905	3655
3906	3469
3906	3522
3912	60
3912	1089
3912	2210
3914	2340
3916	48
3917	176
3926	3184
3927	1553
3928	12
3928	3232
3935	2224
3936	1104
3936	2405
3939	2611
3939	3366
3948	3467
3963	1864
3968	2917
3968	3648
3969	1689
3970	2568
3971	3072
3973	1304
3974	32
3981	194
3984	3207
3986	140
3988	206
3990	271
3991	2178
3998	1283
4000	940
4001	512
4009	152
4011	1774
4012	1393
4016	2576
4019	130
4023	1505
4032	130
4034	336
4041	1153
4045	529
4057	1089
4065	3393
